0.0000
0.0000
0.0000
0.2009
1.0000
0.0000
0.0000
0.0000
0.0000
0.0000
0.1947
0.0000
0.0000
0.0000
0.0000
0.0000
0.0000
0.0000
0.0000
0.0000
0.1858
0.0000
0.0000
0.5494
0.0000
0.0000
0.0000
0.1796
0.0000
0.0000
0.1770
0.0000
0.0000
0.0000
0.1734
0.0000
0.0000
0.1708
0.1699
0.0000
0.0000
0.0000
0.0000
0.1656
0.0000
0.0000
0.0000
0.0000
0.0000
0.0000
0.0000
0.1586
0.0000
0.0000
0.0000
0.0000
0.0000
0.0000
0.0000
0.0000
0.0000
0.0000
0.0000
0.0000
0.0000
0.0000
0.0000
0.0000
0.0000
0.1432
0.0000
0.0000
0.0000
0.0000
0.1389
0.0000
0.0000
0.0000
0.0000
0.0000
0.0000
0.0000
0.2644
0.0000
0.0000
0.1297
0.1289
0.0000
0.0000
0.0000
0.0000
0.0000
0.0000
0.0000
0.0000
0.0000
0.1207
0.2398
0.0000
0.1183
0.0000
0.0000
0.0000
0.1151
0.0000
0.1135
0.0000
0.0000
0.0000
0.2206
0.0000
0.0000
0.0000
0.0000
0.0000
0.0000
0.0000
0.0000
0.0000
0.0000
0.0000
0.0000
0.0000
0.0000
0.0000
0.0000
0.0000
0.0000
0.0000
0.0000
0.0000
0.0000
0.0000
0.0000
0.0000
0.0000
0.0000
0.0000
0.0000
0.0000
0.0867
0.0000
0.0000
0.0000
0.0000
0.0000
0.0000
0.0817
0.0000
0.0000
0.0796
0.0000
0.0000
0.0775
0.0000
0.0000
0.0000
0.0000
0.0000
0.0000
0.0000
0.0000
0.0000
0.0000
0.0000
0.0000
0.0000
0.0679
0.0000
0.0000
0.1319
0.0000
0.0000
0.0000
0.0000
0.0000
0.0000
0.0000
0.0608
0.0000
0.0000
0.0000
0.0000
0.0577
0.0000
0.0000
0.0558
0.0000
0.0000
0.0000
0.0000
0.0000
0.0000
0.0000
0.0000
0.0000
0.0000
0.0000
0.0000
0.0000
0.0000
0.0000
0.0000
0.0000
0.0000
0.0000
0.0000
0.0000
0.0000
0.0000
0.0000
0.0000
0.0000
0.0000
0.0000
0.0000
0.0388
0.0000
0.0000
0.0000
0.0000
0.0000
0.0000
0.0000
0.0000
0.0342
0.0000
0.0000
0.0328
0.0000
0.0000
0.0000
0.0000
0.0000
0.0000
0.0000
0.0000
0.0000
0.1124
0.0000
0.0000
0.0000
0.0263
0.0259
0.0254
0.0000
0.0246
0.0000
0.0000
0.0000
0.0229
0.0000
0.0000
0.0000
0.0000
0.0209
0.0000
0.0000
0.0000
0.0000
0.0000
0.0000
0.0000
0.0000
0.0000
0.0000
0.0000
0.0000
0.0000
0.0000
0.0000
0.0000
0.0000
0.0000
0.0000
0.0000
0.0000
0.0000
0.0000
0.0000
0.0000
0.0000
0.0000
0.0000
0.0000
0.0000
0.0105
0.0102
0.0000
0.0000
0.0000
0.0000
0.0000
0.0000
0.0000
0.0081
0.0000
0.0076
0.0000
0.0000
0.0069
0.0000
0.0000
0.0000
0.0060
0.0000
0.0000
0.0054
0.0000
0.0000
0.0048
0.0046
0.0044
0.0000
0.0040
0.0039
0.0037
0.0000
0.0000
0.0000
0.0000
0.0000
0.0000
0.0000
0.0000
0.0000
0.0000
0.0000
0.0000
0.0000
0.0017
0.0000
0.0000
0.0014
0.0000
0.0000
0.0000
0.0000
0.0000
0.0017
0.0008
0.0000
0.0000
0.0000
0.0000
0.0000
0.0000
0.0000
0.0000
0.0000
0.0000
0.0000
0.0000
0.0000
0.0000
0.0000
0.0000
0.0000
0.0000
0.0000
0.0000
0.0000
0.0000
0.0000
0.0000
0.0001
0.0001
0.0001
0.0000
0.0000
0.0000
0.0000
0.0003
0.0003
0.0000
0.0000
0.0000
0.0006
0.0000
0.0000
0.0000
0.0000
0.0010
0.0000
0.0000
0.0000
0.0000
0.0014
0.0000
0.0000
0.0018
0.0000
0.0000
0.0000
0.0000
0.0048
0.0000
0.0000
0.0000
0.0000
0.0000
0.0033
0.0000
0.0000
0.0000
0.0000
0.0000
0.0000
0.0000
0.0000
0.0000
0.0000
0.0053
0.0000
0.0000
0.0000
0.0000
0.0000
0.0000
0.0000
0.0000
0.0000
0.0000
0.0000
0.0000
0.0000
0.0000
0.0000
0.0000
0.0000
0.0000
0.0000
0.0000
0.0000
0.0000
0.0000
0.0112
0.0000
0.0000
0.0000
0.0000
0.0127
0.0000
0.0133
0.0000
0.0000
0.0000
0.0146
0.0000
0.0000
0.0000
0.0000
0.0000
0.0000
0.0000
0.0000
0.0000
0.0000
0.0000
0.0000
0.0000
0.0000
0.0000
0.0000
0.0000
0.0211
0.0000
0.0000
0.0223
0.0000
0.0000
0.0235
0.0000
0.0000
0.0000
0.0000
0.0257
0.0000
0.0000
0.0000
0.0000
0.0000
0.0000
0.0000
0.0000
0.0000
0.0000
0.0306
0.0000
0.0000
0.0000
0.0000
0.0330
0.0000
0.0340
0.0000
0.0000
0.0000
0.0000
0.0000
0.0000
0.0000
0.0000
0.0000
0.0000
0.0000
0.0401
0.0000
0.0000
0.0000
0.0000
0.0856
0.0000
0.0000
0.0000
0.0000
0.0000
0.0000
0.0000
0.0000
0.0000
0.0000
0.0000
0.0000
0.0000
0.0000
0.0000
0.0000
0.0000
0.0000
0.0000
0.0000
0.0000
0.0000
0.0000
0.0000
0.0000
0.0000
0.0000
0.0000
0.0000
0.0000
0.0000
0.0000
0.0000
0.0000
0.0000
0.0000
0.0000
0.0000
0.0000
0.0000
0.0000
0.0000
0.0000
0.0696
0.0000
0.0000
0.0000
0.0000
0.0000
0.0000
0.0000
0.0000
0.0000
0.0000
0.0000
0.0000
0.0000
0.0000
0.0000
0.0000
0.0000
0.0000
0.0000
0.0000
0.0000
0.0000
0.0000
0.0000
0.0000
0.0000
0.0000
0.0000
0.0000
0.0000
0.0000
0.0000
0.0000
0.0937
0.0945
0.0000
0.0000
0.0000
0.0975
0.0000
0.0000
0.0000
0.0000
0.0000
0.0000
0.0000
0.0000
0.0000
0.2104
0.0000
0.0000
0.0000
0.0000
0.0000
0.0000
0.0000
0.0000
0.0000
0.0000
0.0000
0.0000
0.0000
0.0000
0.0000
0.0000
0.0000
0.0000
0.0000
0.0000
0.0000
0.0000
0.0000
0.1244
0.0000
0.0000
0.1268
0.0000
0.0000
0.0000
0.0000
0.0000
0.0000
0.0000
0.1335
0.0000
0.0000
0.0000
0.0000
0.0000
0.0000
0.0000
0.0000
0.0000
0.0000
0.1427
0.0000
0.0000
0.0000
0.0000
0.0000
0.0000
0.0000
0.0000
0.0000
0.1513
0.1521
0.0000
0.0000
0.0000
0.0000
0.0000
0.0000
0.0000
0.0000
0.0000
0.0000
0.0000
0.0000
0.0000
0.0000
0.0000
0.0000
0.0000
0.1677
0.1686
0.0000
0.1704
0.0000
0.0000
0.0000
0.0000
0.0000
0.0000
0.0000
0.0000
0.0000
0.0000
0.0000
0.0000
0.0000
0.0000
0.0000
0.0000
0.0000
0.0000
0.0000
0.0000
0.0000
0.0000
0.0000
0.0000
0.0000
0.0000
0.0000
0.0000
0.0000
0.1969
0.0000
0.0000
0.0000
0.0000
0.0000
0.0000
0.0000
0.0000
0.0000
0.0000
0.0000
0.0000
0.0000
0.2093
0.0000
0.0000
0.0000
0.0000
0.0000
0.2147
0.0000
0.0000
0.2173
0.0000
0.2191
0.0000
0.2209
0.0000
0.2226
0.2235
0.2244
0.2253
0.2262
0.0000
0.0000
0.0000
0.2297
0.0000
0.0000
0.0000
0.0000
0.0000
0.2350
0.0000
0.0000
0.2376
0.0000
0.2394
0.0000
0.0000
0.0000
0.0000
0.2437
0.2446
0.0000
0.2463
0.0000
0.0000
0.0000
0.0000
0.0000
0.0000
0.0000
0.0000
0.0000
0.2550
0.0000
0.0000
0.0000
0.2584
0.0000
0.0000
0.0000
0.0000
0.0000
0.0000
0.0000
0.0000
0.0000
0.0000
0.2678
0.0000
0.0000
0.0000
0.0000
0.0000
0.0000
0.0000
0.0000
0.2753
0.2761
0.2770
0.0000
0.0000
0.0000
0.2803
0.0000
0.0000
0.0000
0.0000
0.0000
0.2852
0.0000
0.0000
0.0000
0.0000
0.0000
0.0000
0.0000
0.0000
0.0000
0.0000
0.2940
0.0000
0.0000
0.2964
0.0000
0.0000
0.5976
0.2996
0.0000
0.3011
0.0000
0.3027
0.0000
0.0000
0.0000
0.0000
0.0000
0.3073
0.3081
0.0000
0.0000
0.0000
0.0000
0.0000
0.0000
0.0000
0.0000
0.0000
0.0000
0.0000
0.0000
0.0000
0.0000
0.0000
0.0000
0.0000
0.0000
0.3222
0.0000
0.3236
0.0000
0.3251
0.0000
0.0000
0.0000
0.0000
0.0000
0.0000
0.0000
0.0000
0.0000
0.0000
0.0000
0.0000
0.0000
0.0000
0.0000
0.6723
0.3368
0.0000
0.0000
0.0000
0.0000
0.0000
0.0000
0.0000
0.0000
0.3428
0.3434
0.0000
0.0000
0.0000
0.0000
0.0000
0.0000
0.0000
0.0000
0.0000
0.0000
0.0000
0.0000
0.0000
0.0000
0.0000
0.0000
0.0000
0.3546
0.0000
0.0000
0.0000
0.0000
0.0000
0.0000
0.0000
0.3593
0.0000
0.0000
0.0000
0.3615
0.0000
0.0000
0.0000
0.0000
0.0000
0.0000
0.0000
0.0000
0.0000
0.0000
0.0000
0.0000
0.0000
0.0000
0.0000
0.0000
0.0000
0.0000
0.0000
0.0000
0.0000
0.0000
0.0000
0.0000
0.3746
0.0000
0.0000
0.3760
0.0000
0.0000
0.0000
0.7558
0.0000
0.0000
0.0000
0.0000
0.0000
0.0000
0.0000
0.0000
0.0000
0.0000
0.0000
0.0000
0.0000
0.0000
0.0000
0.0000
0.0000
0.7712
0.0000
0.0000
0.0000
0.0000
0.0000
0.0000
0.0000
0.0000
0.0000
0.0000
0.0000
0.0000
0.0000
0.0000
0.0000
0.0000
0.0000
0.0000
0.0000
0.0000
0.3932
0.0000
0.0000
0.3941
0.3944
0.3947
0.0000
0.0000
0.0000
0.0000
0.0000
0.0000
0.0000
0.0000
0.3973
0.3976
0.0000
0.0000
0.0000
0.3987
0.0000
0.0000
0.0000
0.0000
0.0000
0.4001
0.0000
0.0000
0.0000
0.0000
0.4012
0.0000
0.0000
0.0000
0.0000
0.0000
0.0000
0.4026
0.0000
0.0000
0.0000
0.4033
0.0000
0.0000
0.4038
0.0000
0.8083
0.4043
0.4044
0.8091
0.4047
0.0000
0.0000
0.0000
0.4052
0.0000
0.0000
0.0000
0.0000
0.0000
0.0000
0.4060
0.4061
0.4062
0.4062
0.0000
0.0000
0.0000
0.0000
0.0000
0.0000
0.0000
0.0000
0.0000
0.0000
0.0000
0.0000
0.0000
0.4070
0.0000
0.0000
0.0000
0.0000
0.0000
0.0000
0.0000
0.0000
0.0000
0.0000
0.0000
0.0000
0.0000
0.0000
0.0000
0.0000
0.0000
0.0000
0.0000
0.0000
0.0000
0.0000
0.0000
0.0000
0.0000
0.0000
0.0000
0.0000
0.0000
0.0000
0.0000
0.0000
0.0000
0.0000
0.0000
0.0000
0.0000
0.0000
0.0000
0.0000
0.0000
0.0000
0.0000
0.0000
0.0000
0.0000
0.0000
0.0000
0.0000
0.0000
0.0000
0.0000
0.0000
0.0000
0.0000
0.0000
0.0000
0.0000
0.0000
0.0000
0.0000
0.0000
0.0000
0.0000
0.0000
0.0000
0.0000
0.0000
0.0000
0.0000
0.0000
0.0000
0.0000
0.0000
0.0000
0.0000
0.0000
0.0000
0.0000
0.0000
0.0000
0.0000
0.0000
0.0000
0.0000
0.0000
0.0000
0.0000
0.0000
0.0000
0.7873
0.0000
0.0000
0.0000
0.0000
0.0000
0.0000
0.3913
0.0000
0.0000
0.0000
0.0000
0.0000
0.0000
0.0000
0.0000
0.0000
0.0000
0.0000
0.0000
0.0000
0.0000
0.0000
0.0000
0.0000
0.0000
0.0000
0.0000
0.0000
0.0000
0.0000
0.0000
0.0000
0.0000
0.0000
0.0000
0.0000
0.0000
0.0000
0.0000
0.0000
0.0000
0.0000
0.0000
0.0000
0.0000
0.0000
0.0000
0.0000
0.0000
0.0000
0.0000
0.0000
0.0000
0.0000
0.0000
0.0000
0.0000
0.0000
0.0000
0.0000
0.0000
0.0000
0.0000
0.0000
0.0000
0.3651
0.0000
0.3640
0.0000
0.7259
0.0000
0.0000
0.0000
0.0000
0.0000
0.0000
0.0000
0.0000
0.0000
0.0000
0.0000
0.0000
0.0000
0.0000
0.0000
0.0000
0.0000
0.0000
0.0000
0.0000
0.0000
0.0000
0.0000
0.0000
0.0000
0.0000
0.0000
0.0000
0.0000
0.0000
0.0000
0.0000
0.0000
0.0000
0.0000
0.0000
0.0000
0.0000
0.0000
0.0000
0.0000
0.0000
0.0000
0.0000
0.0000
0.0000
0.0000
0.0000
0.0000
0.0000
0.0000
0.0000
0.0000
0.0000
0.0000
0.0000
0.0000
0.0000
0.0000
0.0000
0.0000
0.0000
0.0000
0.0000
0.0000
0.0000
0.0000
0.0000
0.0000
0.0000
0.0000
0.0000
0.0000
0.0000
0.0000
0.0000
0.0000
0.0000
0.0000
0.0000
0.3092
0.0000
0.0000
0.0000
0.0000
0.0000
0.0000
0.0000
0.0000
0.0000
0.0000
0.0000
0.0000
0.0000
0.0000
0.0000
0.0000
0.2960
0.0000
0.0000
0.2936
0.2928
0.2920
0.0000
0.0000
0.0000
0.0000
0.0000
0.0000
0.0000
0.0000
0.0000
0.0000
0.0000
0.0000
0.0000
0.0000
0.0000
0.0000
0.0000
0.0000
0.0000
0.0000
0.0000
0.0000
0.0000
0.0000
0.0000
0.0000
0.0000
0.0000
0.0000
0.0000
0.0000
0.0000
0.0000
0.0000
0.0000
0.0000
0.0000
0.0000
0.0000
0.0000
0.0000
0.0000
0.0000
0.0000
0.0000
0.0000
0.0000
0.0000
0.0000
0.0000
0.0000
0.0000
0.0000
0.0000
0.0000
0.0000
0.0000
0.0000
0.0000
0.0000
0.0000
0.0000
0.0000
0.0000
0.0000
0.0000
0.0000
0.0000
0.0000
0.0000
0.0000
0.0000
0.0000
0.0000
0.0000
0.0000
0.0000
0.2257
0.0000
0.0000
0.0000
0.0000
0.0000
0.0000
0.0000
0.0000
0.0000
0.0000
0.0000
0.0000
0.0000
0.0000
0.2124
0.0000
0.0000
0.0000
0.0000
0.0000
0.0000
0.0000
0.0000
0.0000
0.0000
