0.3835
0.7137
1.0000
0.9810
0.7854
0.0202
0.0115
0.0143
0.0057
0.0000
0.0000
0.0000
0.0028
0.0000
0.0000
0.0000
0.0000
0.0000
0.0000
0.0000
0.0054
0.0054
0.0027
0.0000
0.0000
0.0000
0.0026
0.0026
0.0052
0.0000
0.0000
0.0026
0.0000
0.0025
0.0000
0.0000
0.0000
0.0000
0.0000
0.0000
0.0000
0.0000
0.0000
0.0000
0.0000
0.0000
0.0000
0.0023
0.0000
0.0000
0.0000
0.0000
0.0023
0.0023
0.0000
0.0022
0.0000
0.0000
0.0000
0.0000
0.0000
0.0022
0.0000
0.0000
0.0000
0.0000
0.0000
0.0042
0.0021
0.0021
0.0000
0.0000
0.0061
0.0000
0.0000
0.0000
0.0000
0.0000
0.0020
0.0000
0.0000
0.0019
0.0000
0.0000
0.0000
0.0000
0.0000
0.0000
0.0000
0.0000
0.0000
0.0018
0.0018
0.0000
0.0000
0.0000
0.0017
0.0000
0.0000
0.0000
0.0000
0.0000
0.0000
0.0000
0.0000
0.0016
0.0000
0.0016
0.0016
0.0000
0.0000
0.0000
0.0000
0.0000
0.0000
0.0000
0.0000
0.0000
0.0000
0.0000
0.0000
0.0000
0.0000
0.0000
0.0000
0.0000
0.0014
0.0000
0.0000
0.0000
0.0000
0.0000
0.0000
0.0000
0.0000
0.0000
0.0000
0.0000
0.0000
0.0000
0.0000
0.0000
0.0000
0.0000
0.0000
0.0000
0.0000
0.0000
0.0000
0.0012
0.0000
0.0000
0.0000
0.0000
0.0000
0.0000
0.0000
0.0011
0.0000
0.0000
0.0000
0.0000
0.0000
0.0000
0.0010
0.0000
0.0000
0.0010
0.0010
0.0000
0.0000
0.0000
0.0000
0.0009
0.0000
0.0000
0.0000
0.0000
0.0009
0.0000
0.0000
0.0000
0.0008
0.0000
0.0008
0.0000
0.0000
0.0000
0.0000
0.0000
0.0000
0.0008
0.0000
0.0000
0.0000
0.0000
0.0000
0.0000
0.0000
0.0000
0.0000
0.0000
0.0000
0.0007
0.0000
0.0000
0.0000
0.0000
0.0000
0.0000
0.0000
0.0000
0.0012
0.0006
0.0000
0.0006
0.0000
0.0000
0.0000
0.0000
0.0021
0.0031
0.0005
0.0010
0.0005
0.0005
0.0000
0.0010
0.0005
0.0000
0.0005
0.0014
0.0004
0.0004
0.0004
0.0000
0.0008
0.0000
0.0008
0.0004
0.0004
0.0004
0.0000
0.0000
0.0000
0.0000
0.0000
0.0011
0.0007
0.0000
0.0000
0.0000
0.0000
0.0000
0.0000
0.0000
0.0000
0.0000
0.0000
0.0000
0.0000
0.0000
0.0000
0.0000
0.0000
0.0000
0.0002
0.0000
0.0000
0.0000
0.0000
0.0002
0.0000
0.0000
0.0000
0.0000
0.0000
0.0000
0.0000
0.0000
0.0000
0.0000
0.0000
0.0000
0.0000
0.0000
0.0000
0.0000
0.0003
0.0011
0.0000
0.0000
0.0000
0.0000
0.0001
0.0000
0.0000
0.0002
0.0000
0.0000
0.0000
0.0001
0.0000
0.0000
0.0000
0.0001
0.0000
0.0000
0.0000
0.0001
0.0000
0.0001
0.0001
0.0000
0.0000
0.0000
0.0000
0.0000
0.0000
0.0000
0.0000
0.0000
0.0000
0.0000
0.0000
0.0000
0.0000
0.0000
0.0000
0.0000
0.0000
0.0000
0.0000
0.0000
0.0000
0.0000
0.0000
0.0000
0.0000
0.0000
0.0000
0.0000
0.0000
0.0000
0.0000
0.0000
0.0000
0.0000
0.0000
0.0000
0.0000
0.0000
0.0000
0.0000
0.0000
0.0000
0.0000
0.0000
0.0000
0.0000
0.0000
0.0000
0.0000
0.0000
0.0000
0.0000
0.0000
0.0000
0.0000
0.0000
0.0000
0.0000
0.0000
0.0000
0.0000
0.0000
0.0000
0.0000
0.0000
0.0000
0.0000
0.0000
0.0000
0.0000
0.0000
0.0000
0.0000
0.0000
0.0000
0.0000
0.0001
0.0000
0.0000
0.0001
0.0000
0.0000
0.0000
0.0000
0.0000
0.0000
0.0000
0.0000
0.0000
0.0001
0.0000
0.0000
0.0001
0.0001
0.0000
0.0000
0.0001
0.0000
0.0001
0.0000
0.0000
0.0000
0.0000
0.0000
0.0000
0.0000
0.0000
0.0001
0.0000
0.0000
0.0000
0.0001
0.0000
0.0001
0.0000
0.0000
0.0000
0.0003
0.0001
0.0000
0.0000
0.0002
0.0000
0.0000
0.0003
0.0000
0.0000
0.0000
0.0000
0.0002
0.0002
0.0002
0.0000
0.0000
0.0002
0.0000
0.0000
0.0002
0.0000
0.0000
0.0000
0.0003
0.0003
0.0000
0.0000
0.0000
0.0000
0.0003
0.0000
0.0000
0.0000
0.0003
0.0000
0.0000
0.0003
0.0000
0.0000
0.0000
0.0000
0.0000
0.0000
0.0000
0.0000
0.0000
0.0004
0.0000
0.0004
0.0004
0.0000
0.0004
0.0004
0.0004
0.0000
0.0000
0.0005
0.0000
0.0000
0.0000
0.0000
0.0000
0.0000
0.0000
0.0000
0.0000
0.0000
0.0000
0.0000
0.0005
0.0006
0.0006
0.0000
0.0006
0.0000
0.0006
0.0012
0.0000
0.0006
0.0006
0.0000
0.0000
0.0019
0.0007
0.0007
0.0000
0.0007
0.0007
0.0000
0.0000
0.0007
0.0007
0.0000
0.0000
0.0000
0.0008
0.0023
0.0000
0.0000
0.0000
0.0008
0.0000
0.0008
0.0000
0.0000
0.0017
0.0008
0.0000
0.0000
0.0018
0.0009
0.0000
0.0000
0.0000
0.0009
0.0000
0.0009
0.0000
0.0000
0.0000
0.0020
0.0000
0.0000
0.0010
0.0000
0.0010
0.0000
0.0000
0.0000
0.0000
0.0011
0.0000
0.0011
0.0000
0.0011
0.0000
0.0000
0.0000
0.0012
0.0012
0.0012
0.0000
0.0000
0.0024
0.0024
0.0000
0.0025
0.0000
0.0038
0.0000
0.0026
0.0013
0.0000
0.0013
0.0027
0.0013
0.0000
0.0000
0.0000
0.0014
0.0028
0.0000
0.0000
0.0000
0.0000
0.0014
0.0000
0.0000
0.0000
0.0000
0.0015
0.0015
0.0046
0.0000
0.0031
0.0016
0.0000
0.0032
0.0016
0.0000
0.0016
0.0016
0.0016
0.0000
0.0017
0.0000
0.0034
0.0000
0.0017
0.0000
0.0000
0.0017
0.0000
0.0000
0.0018
0.0018
0.0018
0.0000
0.0000
0.0018
0.0018
0.0000
0.0000
0.0000
0.0000
0.0000
0.0000
0.0019
0.0039
0.0000
0.0000
0.0020
0.0020
0.0000
0.0000
0.0000
0.0000
0.0000
0.0000
0.0021
0.0000
0.0000
0.0021
0.0000
0.0021
0.0022
0.0022
0.0022
0.0000
0.0022
0.0000
0.0000
0.0022
0.0023
0.0045
0.0023
0.0023
0.0000
0.0046
0.0023
0.0000
0.0024
0.0024
0.0000
0.0000
0.0024
0.0000
0.0024
0.0024
0.0000
0.0025
0.0000
0.0000
0.0000
0.0000
0.0000
0.0000
0.0000
0.0000
0.0000
0.0000
0.0000
0.0000
0.0000
0.0026
0.0000
0.0027
0.0000
0.0000
0.0000
0.0000
0.0000
0.0028
0.0000
0.0000
0.0000
0.0000
0.0000
0.0000
0.0000
0.0000
0.0000
0.0000
0.0000
0.0000
0.0000
0.0000
0.0000
0.0000
0.0000
0.0000
0.0000
0.0000
0.0000
0.0000
0.0000
0.0000
0.0000
0.0000
0.0031
0.0000
0.0000
0.0000
0.0000
0.0000
0.0000
0.0000
0.0000
0.0032
0.0000
0.0000
0.0000
0.0000
0.0000
0.0000
0.0000
0.0000
0.0000
0.0000
0.0000
0.0000
0.0000
0.0000
0.0000
0.0000
0.0000
0.0000
0.0000
0.0000
0.0000
0.0035
0.0000
0.0000
0.0071
0.0000
0.0000
0.0036
0.0000
0.0000
0.0000
0.0000
0.0000
0.0036
0.0000
0.0000
0.0000
0.0000
0.0000
0.0000
0.0000
0.0000
0.0000
0.0000
0.0000
0.0000
0.0000
0.0000
0.0000
0.0000
0.0000
0.0000
0.0000
0.0000
0.0000
0.0000
0.0000
0.0000
0.0000
0.0000
0.0000
0.0000
0.0000
0.0000
0.0040
0.0000
0.0040
0.0000
0.0000
0.0000
0.0000
0.0000
0.0000
0.0000
0.0000
0.0000
0.0000
0.0000
0.0000
0.0000
0.0000
0.0000
0.0000
0.0042
0.0000
0.0000
0.0000
0.0000
0.0000
0.0000
0.0000
0.0000
0.0000
0.0044
0.0000
0.0000
0.0044
0.0044
0.0000
0.0044
0.0044
0.0000
0.0000
0.0000
0.0000
0.0000
0.0000
0.0000
0.0045
0.0000
0.0046
0.0000
0.0046
0.0000
0.0000
0.0000
0.0000
0.0000
0.0000
0.0000
0.0000
0.0047
0.0000
0.0000
0.0000
0.0000
0.0047
0.0000
0.0047
0.0000
0.0095
0.0000
0.0000
0.0000
0.0000
0.0000
0.0000
0.0048
0.0000
0.0000
0.0000
0.0049
0.0049
0.0000
0.0000
0.0000
0.0000
0.0099
0.0049
0.0000
0.0000
0.0000
0.0000
0.0000
0.0050
0.0000
0.0000
0.0000
0.0000
0.0000
0.0000
0.0000
0.0000
0.0000
0.0051
0.0051
0.0000
0.0000
0.0000
0.0000
0.0000
0.0103
0.0000
0.0000
0.0000
0.0000
0.0000
0.0000
0.0000
0.0000
0.0000
0.0000
0.0000
0.0000
0.0000
0.0000
0.0000
0.0000
0.0000
0.0000
0.0053
0.0000
0.0000
0.0000
0.0000
0.0000
0.0000
0.0000
0.0000
0.0000
0.0000
0.0000
0.0000
0.0000
0.0000
0.0000
0.0000
0.0000
0.0000
0.0000
0.0000
0.0000
0.0000
0.0000
0.0000
0.0000
0.0000
0.0000
0.0000
0.0000
0.0000
0.0000
0.0000
0.0000
0.0000
0.0000
0.0000
0.0000
0.0000
0.0000
0.0056
0.0056
0.0000
0.0056
0.0000
0.0000
0.0000
0.0000
0.0056
0.0000
0.0056
0.0000
0.0056
0.0000
0.0113
0.0000
0.0057
0.0000
0.0000
0.0057
0.0000
0.0000
0.0000
0.0000
0.0000
0.0000
0.0000
0.0000
0.0000
0.0057
0.0000
0.0057
0.0000
0.0000
0.0000
0.0000
0.0000
0.0000
0.0000
0.0000
0.0058
0.0000
0.0000
0.0000
0.0000
0.0058
0.0000
0.0000
0.0000
0.0000
0.0000
0.0000
0.0000
0.0000
0.0000
0.0000
0.0000
0.0000
0.0058
0.0058
0.0058
0.0000
0.0000
0.0000
0.0000
0.0000
0.0000
0.0000
0.0059
0.0000
0.0059
0.0000
0.0000
0.0000
0.0000
0.0000
0.0059
0.0000
0.0059
0.0000
0.0000
0.0000
0.0000
0.0000
0.0000
0.0000
0.0000
0.0000
0.0000
0.0000
0.0000
0.0000
0.0000
0.0000
0.0000
0.0000
0.0000
0.0000
0.0000
0.0000
0.0000
0.0000
0.0000
0.0000
0.0000
0.0000
0.0000
0.0000
0.0000
0.0000
0.0000
0.0059
0.0000
0.0000
0.0000
0.0000
0.0000
0.0059
0.0000
0.0000
0.0059
0.0000
0.0000
0.0000
0.0000
0.0000
0.0000
0.0000
0.0000
0.0118
0.0000
0.0000
0.0000
0.0000
0.0000
0.0000
0.0000
0.0000
0.0000
0.0000
0.0000
0.0000
0.0000
0.0117
0.0000
0.0000
0.0000
0.0000
0.0000
0.0000
0.0059
0.0000
0.0000
0.0000
0.0058
0.0000
0.0000
0.0000
0.0000
0.0000
0.0000
0.0000
0.0000
0.0000
0.0000
0.0000
0.0000
0.0000
0.0000
0.0000
0.0000
0.0000
0.0000
0.0000
0.0000
0.0000
0.0000
0.0000
0.0000
0.0000
0.0000
0.0000
0.0000
0.0000
0.0000
0.0000
0.0000
0.0000
0.0000
0.0000
0.0000
0.0000
0.0000
0.0000
0.0000
0.0057
0.0000
0.0057
0.0000
0.0000
0.0000
0.0000
0.0000
0.0000
0.0000
0.0056
0.0000
0.0056
0.0000
0.0000
0.0000
0.0000
0.0000
0.0000
0.0000
0.0000
0.0000
0.0000
0.0000
0.0000
0.0000
0.0000
0.0000
0.0000
0.0000
0.0055
0.0000
0.0055
0.0000
0.0000
0.0000
0.0000
0.0000
0.0000
0.0000
0.0000
0.0055
0.0000
0.0000
0.0000
0.0054
0.0000
0.0000
0.0000
0.0000
0.0000
0.0000
0.0054
0.0000
0.0000
0.0000
0.0000
0.0000
0.0000
0.0000
0.0000
0.0000
0.0000
0.0000
0.0053
0.0053
0.0000
0.0053
0.0000
0.0000
0.0000
0.0000
0.0052
0.0000
0.0000
0.0000
0.0000
0.0000
0.0052
0.0000
0.0052
0.0000
0.0051
0.0000
0.0000
0.0051
0.0051
0.0000
0.0000
0.0000
0.0000
0.0000
0.0000
0.0000
0.0000
0.0000
0.0000
0.0000
0.0000
0.0000
0.0000
0.0050
0.0000
0.0000
0.0000
0.0000
0.0000
0.0000
0.0000
0.0000
0.0000
0.0000
0.0000
0.0000
0.0000
0.0000
0.0000
0.0000
0.0000
0.0000
0.0000
0.0000
0.0000
0.0047
0.0000
0.0000
0.0000
0.0000
0.0000
0.0000
0.0000
0.0000
0.0884
0.1393
0.0093
0.0046
0.0138
0.0046
0.0000
0.0000
0.0046
0.0046
0.0182
0.0000
0.0000
0.0000
0.0000
0.0000
0.0000
0.0000
0.0000
0.0000
0.0000
0.0000
0.0000
0.0000
0.0000
0.0000
0.0000
0.0000
0.0043
0.0000
0.0000
0.0043
0.0000
0.0043
0.0000
0.0043
0.0000
0.0042
0.0042
0.0042
0.0000
0.0000
0.0000
0.0042
0.0042
0.0000
0.0000
0.0041
0.0000
0.0000
0.0000
0.0000
0.0000
0.0000
0.0000
0.0000
0.0000
0.0000
0.0000
0.0000
0.0000
0.0000
0.0000
0.0000
0.0000
0.0000
0.0000
0.0000
0.0039
0.0000
0.0038
0.0000
0.0000
0.0038
0.0000
0.0000
0.0038
0.0038
0.0000
0.0000
0.0000
0.0000
0.0000
0.0000
0.0000
0.0000
0.0000
0.0000
0.0000
0.0036
0.0000
0.0000
0.0000
0.0000
0.0000
0.0000
0.0000
0.0000
0.0000
0.0000
0.0000
0.0000
0.0000
0.0000
0.0000
0.0000
0.0034
0.0000
0.0000
0.0000
0.0000
0.0000
0.0000
0.0000
0.0000
0.0000
0.0000
0.0000
0.0000
0.0032
0.0032
0.0000
0.0032
0.0000
0.0000
0.0000
0.0000
0.0000
0.0000
0.0031
0.0000
0.0031
0.0000
0.0000
0.0000
0.0000
0.0000
0.0000
0.0000
0.0000
0.0000
0.0000
