0.0000
0.0000
0.0000
0.0000
0.0801
0.0000
0.0000
0.0000
0.0000
0.0000
0.0000
0.0000
0.0000
0.1538
0.0000
0.0000
0.0000
0.1509
0.0000
0.0000
0.0000
0.0000
0.0000
0.0000
0.0000
0.0000
0.0000
0.0719
0.0000
0.0712
0.0000
0.0000
0.0000
0.0698
0.0000
0.0691
0.0000
0.0000
0.0000
0.0000
0.0000
0.0000
0.0000
0.0000
0.0000
0.0000
0.0000
0.0000
0.0645
0.0000
0.0000
0.0000
0.0000
0.0000
0.0000
0.0000
0.0000
0.0000
0.0000
0.0000
0.0000
0.0000
0.0597
0.0594
0.0000
0.0000
0.0000
0.0000
0.0000
0.2293
0.0000
0.0000
0.0000
0.0000
0.0000
0.0000
0.0000
0.0546
0.0000
0.0539
0.0000
0.0000
0.0000
0.0000
0.0000
0.0000
0.0000
0.0000
0.1019
0.0000
0.0000
0.0000
0.0000
0.0000
0.0490
0.0000
0.0000
0.0000
0.0000
0.0000
0.0000
0.0000
0.0000
0.0461
0.0000
0.0454
0.0451
0.0000
0.0445
0.0000
0.0000
0.0000
0.0000
0.0429
0.0000
0.0423
0.0000
0.0000
0.0000
0.0000
0.0000
0.0000
0.0000
0.0000
0.0000
0.0000
0.0389
0.0386
0.0000
0.0000
0.0000
0.0000
0.0000
0.0000
0.0000
0.0000
0.0000
0.0000
0.0000
0.0000
0.0000
0.0000
0.0000
0.0000
0.0000
0.0000
0.0000
0.0000
0.0000
0.0000
0.0000
0.0316
0.0313
0.0000
0.0000
0.0000
0.0000
0.0000
0.0296
0.0294
0.0000
0.0000
0.0000
0.0000
0.0280
0.0000
0.0000
0.0000
0.0269
0.0000
0.0264
0.0000
0.0259
0.0000
0.0000
0.0000
0.0249
0.0000
0.0243
0.0000
0.0238
0.0236
0.0000
0.0000
0.0228
0.0000
0.0447
0.0000
0.0000
0.0000
0.0000
0.0000
0.0000
0.0000
0.0000
0.0000
0.0000
0.0000
0.0000
0.0000
0.0000
0.0188
0.0000
0.0000
0.0000
0.0000
0.0177
0.0000
0.0000
0.0000
0.0000
0.0000
0.0164
0.0000
0.0000
0.0157
0.0621
0.0307
0.0151
0.0149
0.0000
0.0000
0.0000
0.0000
0.0139
0.0274
0.0000
0.0000
0.0131
0.0129
0.0127
0.0000
0.0124
0.0000
0.0240
0.0118
0.0232
0.0343
0.0225
0.0221
0.0218
0.0214
0.0105
0.0104
0.0000
0.0401
0.1182
0.1549
0.7229
1.0000
0.4682
0.1804
0.0266
0.0000
0.0000
0.0168
0.0082
0.0081
0.0000
0.0000
0.0076
0.0075
0.0073
0.0143
0.0000
0.0000
0.0000
0.0000
0.0000
0.0063
0.0000
0.0060
0.0059
0.0000
0.0056
0.0000
0.0000
0.0000
0.0051
0.0000
0.0000
0.0000
0.0000
0.0000
0.0000
0.0000
0.0084
0.0000
0.0040
0.0039
0.0000
0.0036
0.0035
0.0103
0.0000
0.0032
0.0031
0.0000
0.0059
0.0057
0.0000
0.0080
0.0077
0.0050
0.0048
0.0023
0.0022
0.0022
0.0000
0.0020
0.0038
0.0037
0.0000
0.0051
0.0032
0.0031
0.0015
0.0000
0.0000
0.0026
0.0000
0.0000
0.0011
0.0000
0.0000
0.0009
0.0000
0.0000
0.0000
0.0007
0.0007
0.0000
0.0000
0.0000
0.0000
0.0000
0.0004
0.0000
0.0000
0.0003
0.0003
0.0000
0.0002
0.0002
0.0000
0.0000
0.0001
0.0001
0.0001
0.0002
0.0000
0.0000
0.0000
0.0000
0.0000
0.0000
0.0000
0.0000
0.0000
0.0000
0.0000
0.0000
0.0000
0.0000
0.0000
0.0000
0.0000
0.0001
0.0000
0.0001
0.0001
0.0000
0.0001
0.0001
0.0000
0.0002
0.0000
0.0002
0.0003
0.0014
0.0003
0.0000
0.0008
0.0008
0.0005
0.0000
0.0000
0.0000
0.0000
0.0013
0.0000
0.0000
0.0000
0.0000
0.0009
0.0010
0.0020
0.0000
0.0000
0.0000
0.0000
0.0000
0.0000
0.0000
0.0000
0.0000
0.0050
0.0000
0.0000
0.0000
0.0020
0.0000
0.0000
0.0022
0.0000
0.0024
0.0000
0.0000
0.0000
0.0000
0.0000
0.0000
0.0000
0.0000
0.0000
0.0000
0.0000
0.0000
0.0000
0.0000
0.0000
0.0039
0.0000
0.0000
0.0042
0.0000
0.0000
0.0000
0.0047
0.0048
0.0000
0.0000
0.0000
0.0000
0.0000
0.0000
0.0000
0.0000
0.0000
0.0000
0.0000
0.0000
0.0000
0.0000
0.0000
0.0069
0.0000
0.0000
0.0074
0.0000
0.0077
0.0235
0.0000
0.0163
0.0000
0.0000
0.0000
0.0088
0.0000
0.0091
0.0000
0.0094
0.0000
0.0000
0.0099
0.0000
0.0103
0.0000
0.0000
0.0000
0.0110
0.0000
0.0113
0.0000
0.0000
0.0000
0.0000
0.0123
0.0000
0.0000
0.0000
0.0000
0.0000
0.0000
0.0000
0.0000
0.0000
0.0284
0.0144
0.0000
0.0000
0.0000
0.0000
0.0309
0.0000
0.0000
0.0000
0.0163
0.0000
0.0000
0.0169
0.0000
0.0000
0.0000
0.0000
0.0000
0.0000
0.0000
0.0187
0.0000
0.0192
0.0000
0.0000
0.0397
0.0000
0.0000
0.0000
0.0208
0.0210
0.0000
0.0215
0.0000
0.0000
0.0222
0.0000
0.0000
0.0000
0.0232
0.0000
0.0000
0.0000
0.0000
0.0245
0.0495
0.0000
0.0000
0.0255
0.0258
0.0000
0.0000
0.0000
0.0000
0.0000
0.0000
0.0552
0.0000
0.0000
0.0568
0.0287
0.0000
0.0000
0.0000
0.0000
0.0000
0.0000
0.0306
0.0000
0.0000
0.0000
0.0000
0.0000
0.0323
0.0000
0.0000
0.0000
0.0000
0.0337
0.0340
0.0000
0.0000
0.0000
0.0000
0.1064
0.0000
0.0721
0.0000
0.0000
0.0000
0.0372
0.0375
0.0757
0.0763
0.0769
0.0000
0.0781
0.0000
0.0397
0.0000
0.0000
0.0406
0.0409
0.0000
0.0415
0.0000
0.0000
0.0424
0.0855
0.0861
0.0868
0.0437
0.0880
0.0000
0.0000
0.0000
0.0000
0.0000
0.0459
0.0000
0.0000
0.0938
0.0000
0.0000
0.0000
0.0482
0.0485
0.0000
0.0000
0.0000
0.0000
0.0000
0.0505
0.0000
0.0000
0.0000
0.0518
0.1042
0.1573
0.0000
0.0000
0.0000
0.0000
0.0000
0.0000
0.0000
0.0000
0.0555
0.0000
0.0000
0.1129
0.0000
0.1715
0.0000
0.0578
0.0582
0.0000
0.0589
0.0000
0.0595
0.1796
0.0602
0.0606
0.0609
0.3676
0.0000
0.1239
0.1246
0.0626
0.0000
0.0000
0.0000
0.0640
0.0644
0.0647
0.1952
0.3925
0.1973
0.1984
0.1329
0.0668
0.0672
0.0675
0.0679
0.0000
0.0686
0.0689
0.0000
0.0696
0.1400
0.0703
0.0000
0.0000
0.1428
0.0717
0.0721
0.0000
0.0728
0.0000
0.0000
0.0000
0.0000
0.0746
0.0749
0.0000
0.0756
0.0000
0.0764
0.0767
0.0000
0.1548
0.0000
0.0781
0.0000
0.0788
0.1584
0.0796
0.0799
0.0000
0.1612
0.0810
0.0000
0.0000
0.0000
0.0000
0.0828
0.0000
0.0000
0.0838
0.0000
0.0000
0.4244
0.0000
0.0000
0.0860
0.0863
0.0000
0.0000
0.2621
0.3509
0.0881
0.0000
0.0000
0.1783
0.0000
0.0000
0.1804
0.0906
0.0909
0.0913
0.0916
0.0000
0.0923
0.0000
0.0000
0.0000
0.1875
0.0941
0.0944
0.0948
0.0000
0.0000
0.0000
0.0000
0.0000
0.0000
0.0972
0.3904
0.0979
0.0000
0.0000
0.0000
0.0000
0.0997
0.0000
0.0000
0.0000
0.0000
0.1014
0.0000
0.0000
0.0000
0.0000
0.0000
0.1035
0.0000
0.1042
0.1045
0.0000
0.0000
0.0000
0.0000
0.0000
0.1065
0.0000
0.2144
0.1076
0.0000
0.1082
0.2171
0.1089
0.1092
0.1096
0.7693
0.0000
0.2211
0.1109
0.2225
0.2231
0.1119
0.0000
0.3377
0.1129
0.1132
0.2271
0.0000
0.3426
0.0000
0.2297
0.1152
0.3465
0.0000
0.0000
0.2329
0.1168
0.1171
0.1174
0.1177
0.2361
0.1184
0.0000
0.1190
0.3580
0.0000
0.1200
0.1203
0.0000
0.1209
0.0000
0.1215
0.2436
0.0000
0.0000
0.1227
0.2461
0.0000
0.0000
0.0000
0.1243
0.0000
0.1249
0.0000
0.0000
0.0000
0.0000
0.1264
0.0000
0.0000
0.0000
0.0000
0.0000
0.0000
0.0000
0.0000
0.3870
0.1293
0.0000
0.0000
0.0000
0.0000
0.1307
0.1310
0.0000
0.3947
0.0000
0.1321
0.2648
0.0000
0.1330
0.1332
0.1335
0.1338
0.6703
0.2687
0.5384
0.1349
0.0000
0.5417
0.0000
0.1359
0.1362
0.1365
0.2735
0.0000
0.0000
0.0000
0.0000
0.0000
0.1383
0.1385
0.0000
0.0000
0.1393
0.1396
0.0000
0.0000
0.0000
0.0000
0.0000
0.0000
0.0000
0.0000
0.1418
0.0000
0.1422
0.0000
0.0000
0.0000
0.0000
0.0000
0.0000
0.0000
0.0000
0.1443
0.0000
0.0000
0.0000
0.0000
0.0000
0.1457
0.1459
0.2922
0.0000
0.0000
0.0000
0.0000
0.0000
0.0000
0.1476
0.0000
0.1480
0.0000
0.0000
0.1486
0.0000
0.1490
0.0000
0.0000
0.0000
0.0000
0.0000
0.0000
0.0000
0.0000
0.0000
0.0000
0.1511
0.0000
0.0000
0.0000
0.0000
0.0000
0.0000
0.0000
0.3051
0.0000
0.0000
0.1531
0.0000
0.0000
0.1536
0.1538
0.0000
0.0000
0.1542
0.6176
0.0000
0.0000
0.0000
0.0000
0.0000
0.0000
0.1555
0.0000
0.0000
0.0000
0.3121
0.0000
0.0000
0.0000
0.0000
0.0000
0.0000
0.0000
0.0000
0.0000
0.0000
0.0000
0.0000
0.1578
0.0000
0.0000
0.0000
0.1583
0.0000
0.0000
0.0000
0.1588
0.0000
0.0000
0.1591
0.0000
0.0000
0.0000
0.0000
0.0000
0.1597
0.3197
0.0000
0.0000
0.1601
0.0000
0.0000
0.0000
0.0000
0.0000
0.4820
0.0000
0.0000
0.0000
0.0000
0.0000
0.0000
0.0000
0.0000
0.0000
0.0000
0.0000
0.0000
0.0000
0.0000
0.0000
0.3236
0.0000
0.0000
0.1620
0.0000
0.1621
0.1622
0.0000
0.3245
0.0000
0.0000
0.0000
0.1624
0.0000
0.0000
0.0000
0.1626
0.0000
0.1627
0.1627
0.1627
0.0000
0.1628
0.0000
0.0000
0.0000
0.0000
0.0000
0.0000
0.0000
0.0000
0.0000
0.0000
0.1630
0.1630
0.0000
0.0000
0.1630
0.3260
0.1630
0.0000
0.1630
0.0000
0.1630
0.0000
0.0000
0.0000
0.3259
0.3259
0.1629
0.0000
0.0000
0.0000
0.0000
0.0000
0.1628
0.1628
0.6511
0.0000
0.3254
0.0000
0.1626
0.1626
0.0000
0.3251
0.0000
0.0000
0.0000
0.0000
0.1623
0.4868
0.1622
0.1622
0.1621
0.0000
0.0000
0.0000
0.0000
0.1619
0.0000
0.1617
0.4850
0.0000
0.0000
0.1615
0.0000
0.1613
0.0000
0.0000
0.0000
0.0000
0.0000
0.1609
0.0000
0.1607
0.0000
0.1605
0.0000
0.3207
0.1603
0.0000
0.0000
0.1600
0.0000
0.0000
0.0000
0.1596
0.1595
0.0000
0.0000
0.0000
0.0000
0.0000
0.1588
0.3174
0.0000
0.0000
0.1584
0.1582
0.0000
0.4740
0.1579
0.3155
0.3153
0.0000
0.0000
0.0000
0.3142
0.0000
0.3137
0.0000
0.0000
0.0000
0.0000
0.0000
0.1560
0.0000
0.1557
0.0000
0.3108
0.0000
0.1551
0.0000
0.0000
0.3093
0.1545
0.0000
0.0000
0.0000
0.0000
0.0000
0.0000
0.0000
0.3063
0.4590
0.0000
0.1527
0.1525
0.0000
0.0000
0.0000
0.0000
0.0000
0.0000
0.0000
0.0000
0.0000
0.0000
0.0000
0.0000
0.1501
0.0000
0.0000
0.0000
0.0000
0.1491
0.0000
0.0000
0.0000
0.0000
0.0000
0.0000
0.2954
0.1475
0.1473
0.0000
0.0000
0.1466
0.1464
0.1462
0.1460
0.0000
0.2911
0.1453
0.0000
0.0000
0.5786
0.0000
0.1442
0.4319
0.4312
0.1435
0.1433
0.0000
0.1428
0.1426
0.0000
0.0000
0.1419
0.1416
0.0000
0.2823
0.1409
0.0000
0.0000
0.0000
0.2798
0.0000
0.0000
0.1392
0.0000
0.0000
0.0000
0.0000
0.0000
0.1376
0.0000
0.1371
0.0000
0.0000
0.0000
0.0000
0.0000
0.0000
0.0000
0.0000
0.2695
0.0000
0.1342
0.0000
0.0000
0.1334
0.1331
0.2657
0.2651
0.0000
0.1320
0.1317
0.2629
0.1312
0.1309
0.2612
0.0000
0.0000
0.0000
0.3883
0.0000
0.1289
0.0000
0.1283
0.2560
0.1277
0.2548
0.1271
0.1268
0.3796
0.1262
0.0000
0.1256
0.0000
0.0000
0.1247
0.1244
0.3724
0.0000
0.3705
0.1232
0.1229
0.1226
0.0000
0.0000
0.0000
0.0000
0.2421
0.0000
0.0000
0.0000
0.1198
0.3585
0.1192
0.0000
0.0000
0.0000
0.0000
0.0000
0.1173
0.0000
0.1166
0.0000
0.1160
0.0000
0.0000
0.0000
0.1147
0.0000
0.0000
0.0000
0.0000
0.1130
0.0000
0.0000
0.0000
0.1117
0.1114
0.2221
0.2215
0.1104
0.2201
0.0000
0.0000
0.0000
0.1087
0.2168
0.0000
0.1077
0.0000
0.0000
0.1067
0.0000
0.1060
0.0000
0.1054
0.0000
0.0000
0.0000
0.1040
0.2073
0.1033
0.1030
0.0000
0.0000
0.1019
0.0000
0.1012
0.0000
0.1005
0.0000
0.0999
0.0995
0.0992
0.0000
0.0000
0.0981
0.0000
0.0000
0.1941
0.0967
0.0000
0.0960
0.0000
0.0000
0.0000
0.0000
0.0000
0.0000
0.0936
0.1864
0.0000
0.0000
0.0922
0.0000
0.1829
0.0911
0.0000
0.0904
0.0000
0.0000
0.0000
0.0000
0.0000
0.0000
0.0879
0.0000
0.0872
0.0000
0.0000
0.0861
0.0000
0.1708
0.0000
0.0000
0.0000
0.0000
0.0836
0.0833
0.0000
0.0000
0.0000
0.0000
0.0000
