0.0000
0.0881
0.1315
0.1309
0.0435
0.0865
0.1292
0.0857
0.0854
0.0000
0.1692
0.1263
0.0419
0.0000
0.1661
0.0000
0.0000
0.0000
0.0815
0.0406
0.0807
0.0803
0.0800
0.1592
0.1188
0.1182
0.0392
0.0780
0.0777
0.1932
0.1153
0.0000
0.1523
0.0379
0.0000
0.0375
0.0373
0.0371
0.0000
0.0735
0.0365
0.0727
0.0000
0.0360
0.0358
0.0712
0.1416
0.0704
0.0350
0.0000
0.0693
0.0689
0.0000
0.0000
0.0000
0.0000
0.0335
0.0000
0.0000
0.0000
0.0000
0.0000
0.0000
0.0000
0.0000
0.0000
0.0000
0.0000
0.0313
0.0000
0.0000
0.0000
0.0305
0.0000
0.0302
0.0000
0.0000
0.0296
0.0295
0.0000
0.0291
0.0000
0.0000
0.0000
0.0000
0.0000
0.0000
0.0000
0.0000
0.0275
0.0000
0.0271
0.0000
0.0268
0.0000
0.0000
0.0000
0.0521
0.0517
0.0257
0.0000
0.1014
0.0503
0.0500
0.0745
0.0247
0.0000
0.0486
0.0241
0.0479
0.0000
0.0236
0.0000
0.0000
0.0462
0.0229
0.0000
0.0000
0.0449
0.0223
0.0442
0.0658
0.0000
0.0000
0.0429
0.0213
0.0000
0.0000
0.0000
0.0000
0.0204
0.0000
0.0000
0.0200
0.0000
0.0000
0.0000
0.0000
0.0192
0.0190
0.0000
0.0000
0.0000
0.0000
0.0000
0.0000
0.0000
0.0000
0.0000
0.0000
0.0000
0.0000
0.0340
0.0000
0.0167
0.0000
0.0164
0.0162
0.0643
0.0000
0.0000
0.0156
0.0000
0.0000
0.0152
0.0000
0.0000
0.0295
0.0146
0.0000
0.0000
0.0000
0.0281
0.0278
0.0551
0.0000
0.0270
0.0400
0.0396
0.0261
0.0000
0.0384
0.0253
0.0376
0.0000
0.0123
0.0000
0.0000
0.0237
0.0117
0.0116
0.0115
0.0227
0.0561
0.0222
0.0110
0.0108
0.0321
0.0000
0.0000
0.0000
0.0000
0.0000
0.0100
0.0000
0.0194
0.0000
0.0000
0.0094
0.0000
0.0091
0.0090
0.0089
0.0000
0.0000
0.0085
0.0084
0.0083
0.0000
0.0000
0.0319
0.0079
0.0000
0.0000
0.0000
0.0000
0.0073
0.0144
0.0071
0.0070
0.0069
0.0000
0.0134
0.0132
0.0065
0.0128
0.0063
0.0000
0.0061
0.0000
0.0236
0.0000
0.0057
0.0056
0.0111
0.0163
0.0053
0.0000
0.0000
0.0101
0.0100
0.0098
0.0048
0.0094
0.0093
0.0000
0.0000
0.0131
0.0000
0.0042
0.0124
0.0121
0.0040
0.0039
0.0076
0.0000
0.0146
0.0000
0.0070
0.0034
0.0034
0.0033
0.0000
0.0000
0.0061
0.0000
0.0000
0.0029
0.0000
0.0027
0.0027
0.0000
0.0025
0.0000
0.0024
0.0023
0.0000
0.0000
0.0022
0.0021
0.0020
0.0000
0.0019
0.0000
0.0018
0.0000
0.0000
0.0000
0.0016
0.0000
0.0000
0.0000
0.0028
0.0000
0.0000
0.0025
0.0000
0.0023
0.0045
0.0000
0.0010
0.0020
0.0010
0.0009
0.0009
0.0025
0.0008
0.0008
0.0015
0.0007
0.0013
0.0006
0.0012
0.0011
0.0000
0.0005
0.0010
0.0005
0.0008
0.0004
0.0000
0.0010
0.0003
0.0006
0.0003
0.0005
0.0002
0.0000
0.0000
0.0002
0.0000
0.0001
0.0000
0.0000
0.0001
0.0000
0.0000
0.0001
0.0001
0.0000
0.0000
0.0000
0.0000
0.0000
0.0000
0.0000
0.0000
0.0000
0.0000
0.0000
0.0000
0.0000
0.0000
0.0000
0.0000
0.0000
0.0000
0.0000
0.0000
0.0000
0.0000
0.0000
0.0001
0.0001
0.0003
0.0001
0.0002
0.0003
0.0000
0.0005
0.0003
0.0000
0.0000
0.0002
0.0007
0.0011
0.0012
0.0006
0.0000
0.0004
0.0000
0.0004
0.0000
0.0009
0.0000
0.0005
0.0000
0.0012
0.0018
0.0006
0.0027
0.0014
0.0015
0.0008
0.0025
0.0000
0.0009
0.0009
0.0010
0.0020
0.0011
0.0011
0.0023
0.0012
0.0025
0.0013
0.0000
0.0000
0.0014
0.0000
0.0000
0.0000
0.0000
0.0017
0.0017
0.0000
0.0018
0.0019
0.0039
0.0020
0.0041
0.0021
0.0022
0.0000
0.0023
0.0000
0.0049
0.0000
0.0051
0.0000
0.0000
0.0000
0.0028
0.0029
0.0000
0.0000
0.0062
0.0095
0.0000
0.0000
0.0068
0.0000
0.0000
0.0000
0.0037
0.0113
0.0000
0.0079
0.0000
0.0082
0.0042
0.0128
0.0043
0.0044
0.0045
0.0000
0.0234
0.0048
0.0097
0.0049
0.0050
0.0051
0.0000
0.0053
0.0000
0.0219
0.0279
0.0057
0.0058
0.0117
0.0060
0.0121
0.0000
0.0000
0.0064
0.0129
0.0066
0.0000
0.0000
0.0000
0.0000
0.0000
0.0000
0.0073
0.0000
0.0000
0.0000
0.0000
0.0000
0.0000
0.0000
0.0000
0.0083
0.0000
0.0000
0.0000
0.0000
0.0000
0.0000
0.0000
0.0000
0.0000
0.0000
0.0191
0.0000
0.0196
0.0099
0.0000
0.0203
0.0000
0.0104
0.0105
0.0106
0.0108
0.0218
0.0220
0.0000
0.0226
0.0000
0.0000
0.0000
0.0118
0.0119
0.0241
0.0366
0.0123
0.0249
0.0504
0.0509
0.0000
0.0260
0.0000
0.0398
0.0000
0.0271
0.0411
0.0277
0.0140
0.0282
0.0285
0.0432
0.0291
0.0147
0.0297
0.0000
0.0000
0.0000
0.0000
0.0156
0.0000
0.0000
0.0160
0.0323
0.0000
0.0000
0.0000
0.0000
0.0000
0.0000
0.0000
0.0000
0.0000
0.0000
0.0000
0.0000
0.0000
0.0183
0.0000
0.0000
0.0000
0.0000
0.0000
0.0192
0.0194
0.0000
0.0000
0.0199
0.0401
0.0404
0.0407
0.0000
0.0000
0.0209
0.0210
0.0000
0.0000
0.0215
0.0650
0.0218
0.0220
0.0222
0.0000
0.0225
0.0000
0.0000
0.0000
0.0928
0.0000
0.0000
0.0237
0.0478
0.0000
0.0242
0.0244
0.0000
0.0247
0.0000
0.0753
0.0253
0.0509
0.0256
0.0516
0.1038
0.0523
0.0263
0.0265
0.1333
0.0268
0.0000
0.0272
0.0000
0.0000
0.0000
0.0000
0.0000
0.0000
0.0000
0.0000
0.0000
0.0000
0.0000
0.0000
0.0000
0.0000
0.0000
0.0000
0.0000
0.0305
0.0306
0.0000
0.0000
0.0000
0.0000
0.0000
0.0000
0.0639
0.0321
0.1292
0.0000
0.0327
0.0329
0.0000
0.0332
0.0000
0.0000
0.0338
0.0000
0.0342
0.0000
0.0346
0.0000
0.0349
0.0702
0.0353
0.0000
0.0357
0.0000
0.0361
0.0725
0.0729
0.0000
0.0736
0.0370
0.0372
0.0000
0.0376
0.0000
0.0380
0.0382
0.0000
0.1927
0.0000
0.1557
0.0782
0.1179
0.0790
0.0794
0.1197
0.0000
0.0000
0.0405
0.0000
0.0000
0.0000
0.0412
0.0000
0.0000
0.0000
0.0420
0.0000
0.0000
0.0000
0.0000
0.0430
0.0000
0.0000
0.0435
0.0437
0.0000
0.0000
0.0000
0.0000
0.0000
0.0449
0.0000
0.0453
0.0910
0.0000
0.0917
0.0000
0.0463
0.0000
0.0466
0.0468
0.0940
0.0000
0.0000
0.0000
0.0478
0.0480
0.0964
0.0967
0.0000
0.0000
0.0979
0.0000
0.0493
0.0000
0.0000
0.0000
0.0000
0.0503
0.1010
0.0507
0.1017
0.1532
0.1537
0.2057
0.0000
0.0518
0.1040
0.1044
0.1571
0.0000
0.0528
0.0530
0.0531
0.0000
0.0535
0.0537
0.1078
0.0000
0.0543
0.1089
0.0000
0.0000
0.0000
0.0000
0.0554
0.0556
0.0000
0.0000
0.0000
0.0000
0.0000
0.0000
0.0000
0.0000
0.0000
0.0574
0.0000
0.0000
0.0580
0.0000
0.0584
0.0000
0.0000
0.0000
0.0000
0.1778
0.0000
0.0596
0.1196
0.1200
0.0000
0.0000
0.0605
0.1214
0.0000
0.1832
0.0612
0.0614
0.0616
0.0000
0.0620
0.0000
0.0000
0.3124
0.0000
0.0628
0.0000
0.0000
0.0634
0.1271
0.0000
0.0639
0.0000
0.0642
0.1288
0.0646
0.0000
0.1947
0.1302
0.2610
0.1308
0.1312
0.0658
0.0659
0.0000
0.1325
0.0000
0.0000
0.0668
0.0669
0.0000
0.0000
0.0674
0.0000
0.1355
0.0000
0.0000
0.0682
0.0000
0.0686
0.0000
0.0000
0.0000
0.0692
0.0694
0.0000
0.0000
0.0000
0.0700
0.0000
0.0703
0.0705
0.0000
0.0000
0.0000
0.0000
0.0712
0.1428
0.0000
0.0717
0.0000
0.1440
0.0000
0.0000
0.0000
0.0000
0.0000
0.0000
0.1461
0.0732
0.0733
0.1469
0.1472
0.0000
0.0739
0.0740
0.0742
0.1487
0.2234
0.0000
0.0748
0.2247
0.2251
0.0752
0.1506
0.1509
0.0000
0.1514
0.3034
0.0000
0.0000
0.0000
0.1528
0.1530
0.0000
0.1536
0.0769
0.1541
0.0772
0.0773
0.1549
0.0776
0.0777
0.0778
0.0000
0.0000
0.0000
0.0000
0.0000
0.0785
0.0000
0.0000
0.0000
0.1581
0.0791
0.0000
0.0000
0.0000
0.0000
0.0000
0.0000
0.0000
0.0801
0.0802
0.0000
0.0804
0.0000
0.0806
0.0000
0.1617
0.0810
0.0811
0.0812
0.0813
0.0000
0.1630
0.1632
0.2451
0.0818
0.0819
0.0820
0.1642
0.4110
0.0823
0.0824
0.0825
0.0826
0.1654
0.1656
0.0829
0.2489
0.2492
0.0831
0.0832
0.0000
0.0000
0.1670
0.0000
0.1674
0.0000
0.0000
0.0000
0.1681
0.2523
0.0000
0.2528
0.0844
0.2533
0.0845
0.0846
0.1694
0.0000
0.1697
0.0849
0.0850
0.0000
0.2554
0.2556
0.0853
0.0000
0.0000
0.0000
0.0000
0.1713
0.0857
0.0858
0.0858
0.0000
0.0000
0.0000
0.0000
0.0000
0.0862
0.0000
0.0000
0.0864
0.0864
0.0865
0.1731
0.1732
0.0000
0.0000
0.1735
0.0000
0.1738
0.1739
0.0870
0.1740
0.0871
0.0000
0.0000
0.0872
0.0000
0.0873
0.2620
0.3495
0.1749
0.0875
0.1750
0.0000
0.0876
0.0876
0.1753
0.0877
0.0877
0.1755
0.0878
0.1757
0.1757
0.0879
0.0879
0.0880
0.0000
0.0880
0.1761
0.0881
0.0000
0.0000
0.0000
0.1763
0.2645
0.0882
0.0882
0.0000
0.0883
0.0883
0.0000
0.0883
0.0883
0.0883
0.0000
0.0000
0.0000
0.0000
0.0000
0.0000
0.0000
0.0000
0.0000
0.0000
0.0000
0.0000
0.0000
0.0000
0.0000
0.0000
0.0000
0.0000
0.0000
0.0000
0.0000
0.0000
0.0000
0.0884
0.0000
0.0000
0.0000
0.0000
0.0000
0.0000
0.0000
0.0000
0.0883
0.0883
0.0883
0.0000
0.1765
0.0882
0.0000
0.0000
0.0000
0.0000
0.0881
0.0000
0.0000
0.0000
0.0000
0.0000
0.1760
0.1759
0.3518
0.0000
0.0000
0.0000
0.0878
0.0000
0.0000
0.0877
0.1754
0.0876
0.0876
0.0000
0.0000
0.0875
0.0874
0.0000
0.0000
0.0000
0.0873
0.1745
0.0000
0.0000
0.0000
0.0000
0.0000
0.0000
0.0000
0.0000
0.0000
0.0000
0.0000
0.0000
0.0866
0.0000
0.0000
0.0000
0.0000
0.0863
0.0000
0.0862
0.0000
0.0000
0.0000
0.0000
0.0000
0.0858
0.0857
0.0000
0.0000
0.0855
0.0000
0.1708
0.1706
0.0000
0.0852
0.0851
0.0000
0.0000
0.1697
0.0848
0.0000
0.0000
0.1691
0.0845
0.0844
0.0843
0.0842
0.0000
0.2522
0.0840
0.0000
0.0838
0.0000
0.2509
0.0000
0.0000
0.1668
0.1666
0.1664
0.1662
0.1660
0.0829
0.0000
0.0827
0.2479
0.1651
0.0000
0.0823
0.0822
0.1643
0.0820
0.0819
0.0818
0.0000
0.0000
0.0000
0.3257
0.2440
0.4873
0.3245
0.3240
0.0809
0.2424
0.1614
0.3223
0.4023
0.0000
0.1605
0.0801
0.2401
0.3995
0.3990
0.0797
0.4774
0.2383
0.1587
0.3168
0.1582
0.0790
0.6308
0.0000
0.3144
0.1570
0.4702
0.3130
0.2344
0.4680
0.3893
0.0000
0.0776
0.0775
0.3094
0.2317
0.0771
0.3849
0.0000
0.2301
0.0766
0.4587
0.0763
0.0762
0.3042
0.1518
0.2273
0.2269
0.3020
0.1507
0.3009
0.2253
0.3748
0.2993
0.2240
0.4473
0.3720
0.5941
0.4447
0.5178
0.2953
0.2211
0.2942
0.2936
0.2198
0.1462
0.0730
0.0728
0.0727
0.2901
0.0000
0.0722
0.0721
0.0000
0.2871
0.0716
0.2144
0.1426
0.1423
0.0000
0.1417
0.0707
0.0705
0.2112
0.0702
0.2803
0.2797
0.5581
0.2088
0.0694
0.0693
0.2074
0.2759
0.4128
0.1373
0.3424
0.2733
0.0682
0.4760
0.0678
0.0677
0.1350
0.1347
0.1344
0.1340
0.0668
0.2667
0.1995
0.3981
0.3309
0.0000
0.1317
0.1314
0.1310
0.4574
0.2607
0.3250
0.2593
0.2586
0.1935
0.1286
0.3848
0.1919
0.5104
0.1909
0.0634
0.1265
0.1893
0.2517
0.3138
0.0626
0.6240
0.1244
0.2482
0.3093
0.3085
0.1845
0.2453
0.2446
0.2439
0.1824
0.2425
0.2418
0.2411
0.1802
0.0599
0.2389
0.2382
0.1781
0.1184
0.2360
0.1764
0.1173
0.0584
0.2331
0.2323
0.4053
0.0000
0.0575
0.0573
0.3430
0.1140
0.2272
0.1698
0.1693
0.0562
0.1681
0.2235
0.2784
0.1110
0.1659
0.1654
0.1648
0.2190
0.4364
0.4349
0.1625
0.3239
0.2152
0.3217
0.1603
0.3194
0.2652
0.2643
0.1580
0.5773
0.2092
0.4168
0.4672
0.1552
0.2061
0.2053
0.3580
0.1529
0.3046
0.3540
0.3023
0.2510
1.0000
0.5977
0.1985
0.3954
0.2954
0.2452
0.2931
0.1946
0.2908
0.2414
0.0962
0.4310
0.6200
0.0950
0.0946
0.0942
0.3285
0.1402
0.1862
0.1854
0.1385
0.0919
0.2288
0.2279
0.2269
0.2711
0.2700
0.2240
0.1784
0.1777
0.0884
