0.0000
0.0000
0.0000
0.0000
0.0000
0.0849
0.0845
0.1682
0.2512
0.2501
0.2489
0.0000
0.0000
0.0000
0.1629
0.0000
0.0000
0.0000
0.0000
0.0000
0.0792
0.0000
0.0000
0.0781
0.0000
0.0000
0.0000
0.0000
0.0000
0.0758
0.0754
0.0000
0.0747
0.0000
0.0739
0.0000
0.0000
0.0000
0.0724
0.0000
0.0717
0.0000
0.0709
0.1411
0.0702
0.0000
0.0000
0.0691
0.0000
0.0000
0.0000
0.0000
0.0672
0.0000
0.0000
0.0000
0.0000
0.0000
0.0000
0.0000
0.0000
0.0000
0.0000
0.0000
0.0000
0.0000
0.0621
0.0000
0.0000
0.0000
0.0000
0.1206
0.0000
0.0000
0.0000
0.0000
0.0000
0.0000
0.0000
0.0000
0.0000
0.0000
0.0000
0.0000
0.0000
0.0553
0.0000
0.0000
0.0000
0.0000
0.1071
0.0532
0.0000
0.0000
0.0000
0.0000
0.0515
0.0000
0.0000
0.0000
0.0000
0.0000
0.0494
0.0490
0.0000
0.0484
0.0000
0.0000
0.0000
0.0000
0.0000
0.0463
0.0000
0.0000
0.0000
0.0450
0.0000
0.0000
0.0000
0.0000
0.0000
0.0430
0.0000
0.0000
0.0000
0.0417
0.0000
0.0000
0.0000
0.0000
0.0000
0.0000
0.0000
0.0000
0.0388
0.0000
0.0000
0.0000
0.0000
0.0000
0.0000
0.0000
0.0000
0.0000
0.0000
0.0000
0.0000
0.0000
0.0000
0.0000
0.0000
0.0000
0.0000
0.0000
0.0000
0.0324
0.0643
0.0000
0.0315
0.0000
0.0000
0.0000
0.0000
0.0301
0.0000
0.0000
0.0000
0.0000
0.0000
0.0000
0.0000
0.0000
0.0000
0.0000
0.0000
0.0000
0.0265
0.0000
0.0000
0.0000
0.0254
0.0251
0.3975
0.2212
0.0243
0.0000
0.0000
0.0000
0.0000
0.0000
0.0228
0.0900
0.0223
0.1100
0.0217
0.0430
0.0000
0.0000
0.0000
0.0205
0.0000
0.0200
0.0198
0.0000
0.0386
0.0000
0.0188
0.0000
0.0000
0.0000
0.0000
0.0177
0.0000
0.0000
0.0000
0.0000
0.0000
0.0000
0.0000
0.0000
0.0000
0.0000
0.0305
0.0000
0.0000
0.0000
0.0000
0.0000
0.0000
0.0000
0.0000
0.0000
0.0000
0.0000
0.0000
0.0000
0.0000
0.0000
0.0120
0.0000
0.0000
0.0114
0.0112
0.0000
0.0108
0.0000
0.0000
0.0000
0.0000
0.0099
0.0000
0.0000
0.0000
0.0000
0.0000
0.0000
0.0088
0.0000
0.0000
0.0000
0.0000
0.0079
0.0000
0.0000
0.0075
0.0000
0.0072
0.0000
0.0000
0.0000
0.0066
0.0000
0.0000
0.0000
0.0000
0.0000
0.0000
0.0000
0.0000
0.0000
0.0000
0.0000
0.0000
0.0000
0.0000
0.0000
0.0000
0.0000
0.0000
0.0000
0.0000
0.0000
0.0000
0.0037
0.0000
0.0034
0.0000
0.0000
0.0000
0.0000
0.0000
0.0000
0.0000
0.0000
0.0000
0.0000
0.0000
0.0000
0.0000
0.0000
0.0000
0.0020
0.0000
0.0018
0.0000
0.0050
0.0000
0.0000
0.0000
0.0014
0.0000
0.0000
0.0000
0.0000
0.0000
0.0000
0.0009
0.0009
0.0000
0.0000
0.0000
0.0000
0.0000
0.0006
0.0000
0.0000
0.0000
0.0000
0.0000
0.0000
0.0000
0.0000
0.0003
0.0002
0.0000
0.0000
0.0000
0.0000
0.0000
0.0000
0.0000
0.0000
0.0000
0.0000
0.0000
0.0000
0.0000
0.0000
0.0000
0.0000
0.0000
0.0000
0.0000
0.0000
0.0000
0.0000
0.0000
0.0000
0.0000
0.0000
0.0000
0.0000
0.0000
0.0000
0.0000
0.0000
0.0000
0.0000
0.0000
0.0000
0.0000
0.0000
0.0000
0.0000
0.0005
0.0005
0.0000
0.0000
0.0000
0.0000
0.0000
0.0000
0.0000
0.0000
0.0000
0.0000
0.0000
0.0000
0.0000
0.0000
0.0000
0.0000
0.0029
0.0000
0.0000
0.0000
0.0000
0.0000
0.0000
0.0000
0.0000
0.0000
0.0022
0.0000
0.0000
0.0000
0.0000
0.0000
0.0000
0.0000
0.0000
0.0000
0.0000
0.0000
0.0000
0.0000
0.0000
0.0000
0.0000
0.0000
0.0000
0.0000
0.0000
0.0000
0.0000
0.0046
0.0000
0.0000
0.0000
0.0000
0.0053
0.0000
0.0000
0.0000
0.0000
0.0000
0.0000
0.0000
0.0000
0.0000
0.0066
0.0136
0.0000
0.0000
0.0072
0.0000
0.0000
0.0000
0.0000
0.0000
0.0164
0.0083
0.0000
0.0000
0.0000
0.0000
0.0000
0.0000
0.0000
0.0000
0.0099
0.0000
0.0000
0.0208
0.0000
0.0000
0.0000
0.0111
0.0000
0.0000
0.0000
0.0000
0.0000
0.0000
0.0000
0.0000
0.0000
0.0131
0.0000
0.0135
0.0000
0.0000
0.0000
0.0143
0.0000
0.0000
0.0000
0.0000
0.0000
0.0000
0.0158
0.0000
0.0000
0.0000
0.0000
0.0000
0.0000
0.0000
0.0000
0.0000
0.0180
0.0000
0.0000
0.0000
0.0000
0.0000
0.0194
0.0000
0.0000
0.0201
0.0000
0.0000
0.0000
0.0000
0.0000
0.0000
0.0000
0.0000
0.0000
0.0000
0.0000
0.0000
0.0000
0.0237
0.0239
0.0000
0.0000
0.0000
0.0000
0.0000
0.0255
0.0000
0.0261
0.0000
0.0000
0.0000
0.0000
0.0000
0.0000
0.0280
0.0000
0.0571
0.0000
0.0000
0.0000
0.0000
0.0000
0.0000
0.0000
0.0308
0.0000
0.0000
0.0000
0.0000
0.0000
0.0000
0.0000
0.0000
0.0000
0.0000
0.0000
0.0000
0.0000
0.0000
0.0000
0.0356
0.0000
0.0000
0.0000
0.0000
0.0000
0.0000
0.0000
0.0000
0.0000
0.0000
0.0000
0.0000
0.0000
0.0000
0.0000
0.0000
0.0000
0.0000
0.0000
0.0000
0.0422
0.0000
0.0000
0.0432
0.0435
0.0000
0.0000
0.0000
0.0000
0.0000
0.0000
0.0000
0.0462
0.0000
0.0000
0.0472
0.0000
0.1436
0.0000
0.0485
0.0489
0.0000
0.0496
0.0000
0.0000
0.0506
0.0509
0.0513
0.0000
0.0520
0.0000
0.0000
0.0530
0.0000
0.0000
0.0000
0.0000
0.0000
0.0000
0.1109
0.0000
0.0000
0.0000
0.0000
0.0000
0.0000
0.0000
0.0000
0.0000
0.0000
0.0000
0.0000
0.0000
0.0605
0.0000
0.0000
0.0616
0.0619
0.0000
0.0000
0.0000
0.0000
0.0000
0.0000
0.0000
0.0000
0.0000
0.0000
0.0000
0.0000
0.0000
0.0000
0.0000
0.0678
0.0682
0.0000
0.0000
0.0693
0.0000
0.0700
0.0704
0.0708
0.0000
0.0715
0.0719
0.0000
0.0726
0.0000
0.0000
0.0000
0.0000
0.0000
0.0000
0.2257
0.0000
0.0760
0.0764
0.1535
0.0000
0.0000
0.0000
0.0000
0.0000
0.0000
0.0000
0.0000
0.0000
0.0000
0.0000
0.0000
0.0817
0.0000
0.0000
0.0000
0.0000
0.0000
0.0000
0.0843
0.0000
0.0000
0.0000
0.0000
0.0862
0.0000
0.0000
0.0000
0.0000
0.0000
0.0000
0.0888
0.0000
0.0000
0.0000
0.0000
0.0000
0.0000
0.0000
0.0000
0.0000
0.0000
0.0000
0.0000
0.0938
0.0000
0.0000
0.0000
0.0000
0.0957
0.0000
0.0000
0.0000
0.0000
0.0000
0.0000
0.0983
0.0987
0.0000
0.0000
0.0998
0.0000
0.0000
0.0000
0.0000
0.1017
0.0000
0.0000
0.0000
0.0000
0.0000
0.0000
0.0000
0.1046
0.0000
0.0000
0.0000
0.0000
0.0000
0.0000
0.1072
0.0000
0.0000
0.0000
0.0000
0.0000
0.0000
0.0000
0.0000
0.0000
0.1109
0.0000
0.0000
0.0000
0.0000
0.0000
0.0000
0.0000
0.0000
0.0000
0.0000
0.0000
0.1152
0.0000
0.0000
0.0000
0.0000
0.0000
0.1173
0.0000
0.1181
0.0000
0.0000
0.0000
0.1195
0.0000
0.0000
0.0000
0.0000
0.1212
0.0000
0.0000
0.0000
0.0000
0.0000
0.0000
0.2473
0.0000
0.0000
0.0000
0.0000
0.1253
0.0000
0.0000
0.0000
0.0000
0.2540
0.0000
0.0000
0.0000
0.0000
0.1287
0.0000
0.1294
0.0000
0.0000
0.0000
0.1307
0.1310
0.0000
0.0000
0.0000
0.0000
0.0000
0.0000
0.0000
0.0000
0.0000
0.0000
0.0000
0.0000
0.0000
0.0000
0.0000
0.0000
0.0000
0.0000
0.0000
0.0000
0.0000
0.0000
0.0000
0.0000
0.0000
0.0000
0.0000
0.0000
0.0000
0.0000
0.0000
0.0000
0.0000
0.0000
0.0000
0.0000
0.0000
0.0000
0.1430
0.0000
0.0000
0.0000
0.1441
0.1444
0.0000
0.0000
0.0000
0.0000
0.0000
0.0000
0.0000
0.0000
0.1469
0.0000
0.0000
0.0000
0.0000
0.0000
0.0000
0.1488
0.1491
0.0000
0.0000
0.0000
0.0000
0.0000
0.0000
0.0000
0.1511
0.0000
0.3033
0.0000
0.1522
0.0000
0.0000
0.0000
0.0000
0.1534
0.0000
0.0000
0.0000
0.0000
0.0000
0.0000
0.0000
0.0000
0.0000
0.0000
0.0000
0.0000
0.0000
0.0000
0.0000
0.0000
0.0000
0.0000
0.0000
0.0000
0.1582
0.0000
0.0000
0.0000
0.0000
0.1593
0.0000
0.0000
0.0000
0.0000
0.0000
0.0000
0.0000
0.0000
0.0000
0.0000
0.0000
0.0000
0.0000
0.0000
0.0000
0.0000
0.0000
0.0000
0.1630
0.0000
0.0000
0.0000
0.0000
0.0000
0.0000
0.0000
0.0000
0.0000
0.1647
0.0000
0.0000
0.0000
0.0000
0.0000
0.0000
0.0000
0.0000
0.0000
0.0000
0.0000
0.0000
0.1667
0.0000
0.0000
0.0000
0.0000
0.1674
0.1676
0.0000
0.0000
0.0000
0.0000
0.0000
0.0000
0.0000
0.0000
0.0000
0.0000
0.0000
0.0000
0.1692
0.0000
0.0000
0.0000
0.0000
0.1698
0.0000
0.0000
0.0000
0.0000
0.0000
0.0000
0.0000
0.0000
0.0000
0.0000
0.0000
0.0000
0.0000
0.0000
0.0000
0.0000
0.0000
0.0000
0.0000
0.0000
0.0000
0.1718
0.0000
0.0000
0.1721
0.3443
0.1722
0.0000
0.0000
0.1724
0.1724
0.0000
0.0000
0.0000
0.0000
0.0000
0.0000
0.0000
0.0000
0.0000
0.1730
0.0000
0.0000
0.0000
0.1731
0.0000
0.0000
0.0000
0.0000
0.1733
0.0000
0.3467
0.1734
0.0000
0.0000
0.0000
0.0000
0.0000
0.0000
0.0000
0.0000
0.0000
0.0000
0.0000
0.0000
0.0000
0.1735
0.0000
0.0000
0.0000
0.0000
0.0000
0.0000
0.0000
0.0000
0.0000
0.0000
0.0000
0.0000
0.1734
0.1734
0.1733
0.0000
0.1733
0.0000
0.0000
0.0000
0.0000
0.0000
0.0000
0.1731
0.3460
0.0000
0.0000
0.0000
0.0000
0.0000
0.0000
0.1727
0.0000
0.0000
0.0000
0.0000
0.0000
0.0000
0.1723
0.0000
0.0000
0.1721
0.0000
0.0000
0.0000
0.0000
0.0000
0.0000
0.0000
0.0000
0.0000
0.0000
0.1712
0.0000
0.1711
0.0000
0.0000
0.0000
0.0000
0.0000
0.0000
0.0000
0.0000
0.0000
0.0000
0.1700
0.0000
0.0000
0.0000
0.0000
0.0000
0.0000
0.0000
0.0000
0.0000
0.0000
0.0000
0.0000
0.0000
0.1683
0.0000
0.0000
0.0000
0.0000
0.0000
0.0000
0.0000
0.0000
0.0000
0.0000
0.0000
0.0000
0.0000
0.6654
0.0000
0.1661
0.3318
0.3315
0.0000
0.1654
0.0000
0.0000
0.0000
0.0000
0.1646
0.0000
0.4928
0.1641
0.0000
0.0000
0.0000
0.0000
0.0000
0.0000
0.0000
0.0000
0.0000
0.0000
0.0000
0.0000
0.0000
0.0000
0.0000
0.0000
0.1610
0.0000
0.0000
0.0000
0.0000
0.1600
0.1598
0.3191
0.3187
0.1591
0.1589
0.3175
0.1585
0.1583
0.0000
0.1579
0.1577
0.1574
0.4716
0.3140
0.0000
0.1565
0.0000
0.6244
0.1559
0.1556
0.0000
0.3103
0.1549
0.1547
0.4634
0.0000
0.4620
0.0000
0.4605
0.6131
0.3060
0.1528
0.0000
0.1523
0.1520
0.4553
0.3031
0.4538
0.3020
0.9046
0.6020
0.0000
0.4500
0.2995
0.2989
0.2984
0.5958
0.2974
0.4452
0.4444
0.4436
0.1476
0.1473
0.4412
0.4404
0.2930
0.4387
0.4379
0.5828
0.4362
0.4354
0.1449
0.5783
0.4329
0.4320
0.8623
0.4303
0.4294
1.0000
0.1426
0.1423
0.1420
0.1417
0.4242
0.1411
0.1408
0.1405
0.1402
0.0000
0.0000
0.1393
0.2780
0.0000
0.0000
0.1381
0.0000
0.1375
0.1372
0.5475
0.2731
0.2725
0.0000
0.8138
0.2706
0.5400
0.0000
0.2687
0.2681
0.0000
0.0000
0.5324
0.6639
0.3973
0.0000
0.5272
0.3944
0.2623
0.2617
0.1305
0.1302
0.3895
0.5181
0.3876
0.1289
0.2570
0.2564
0.3836
0.7651
0.3816
0.2537
0.7591
0.7571
0.5034
0.0000
0.2503
0.3745
0.7469
0.6207
0.9904
0.8642
0.3693
0.6138
0.2448
0.6104
0.1217
0.4855
0.4841
0.2414
0.2407
0.4800
0.1196
0.2386
0.4757
0.5929
0.2365
0.1179
0.2350
0.2343
0.2336
0.1165
0.3483
0.2315
0.2308
0.2301
0.3440
0.1143
0.2279
0.1136
0.1132
0.0000
0.2250
0.1121
0.2236
0.3343
0.2221
0.1107
0.1103
0.3299
0.2192
0.2185
0.1089
0.7595
0.4325
0.5388
0.0000
0.5352
0.2133
0.3189
0.3178
0.2111
0.5259
0.3144
0.6267
0.4163
0.3111
0.5167
0.3089
0.3078
0.5111
0.5092
0.4059
0.9098
0.6043
0.3010
0.7998
0.3984
0.3969
0.1977
0.4924
0.3924
0.0977
0.1947
0.1939
0.2898
0.6735
0.2875
0.2864
0.0951
0.1894
0.2830
0.2819
0.2807
0.1864
0.2785
0.8320
0.1841
0.1834
0.0913
0.1819
0.0000
0.0902
0.3592
0.5365
0.0890
0.0887
0.1766
0.2637
0.1750
0.1743
0.0000
