0.2672
0.0000
0.0000
0.0000
0.2100
0.0523
0.0000
0.1036
0.0516
0.0513
0.0000
0.0000
0.0000
0.0000
0.0502
0.0000
0.0000
0.0000
0.0000
0.0000
0.0000
0.0485
0.0483
0.0000
0.0478
0.0000
0.0000
0.0000
0.0000
0.0000
0.0000
0.0924
0.0000
0.0000
0.0000
0.0000
0.0000
0.0000
0.0446
0.0000
0.0441
0.0000
0.0000
0.0000
0.0432
0.0000
0.0000
0.0000
0.0000
0.0000
0.0000
0.0000
0.0000
0.0000
0.0000
0.0000
0.0000
0.0000
0.0000
0.0000
0.0000
0.0000
0.0000
0.0000
0.0000
0.0000
0.0000
0.0380
0.0378
0.0000
0.1121
0.0743
0.0000
0.0000
0.0000
0.0000
0.0000
0.0358
0.0000
0.0000
0.0000
0.0000
0.0000
0.0000
0.0343
0.0341
0.0000
0.0000
0.0000
0.0000
0.0330
0.0000
0.0000
0.0000
0.0000
0.0000
0.0317
0.0000
0.0000
0.0310
0.0308
0.0000
0.0000
0.0000
0.0600
0.0000
0.0000
0.0294
0.0000
0.0290
0.0000
0.0000
0.0000
0.0281
0.0558
0.0000
0.0000
0.0000
0.0271
0.0000
0.0000
0.0000
0.0000
0.0261
0.0000
0.0000
0.0000
0.0000
0.0000
0.0000
0.0000
0.0245
0.0000
0.0241
0.0000
0.0000
0.0000
0.0000
0.0000
0.0000
0.0000
0.0000
0.0000
0.0000
0.0000
0.0000
0.0000
0.0000
0.0000
0.0000
0.0000
0.0000
0.0000
0.0407
0.0000
0.0200
0.0000
0.0000
0.0000
0.0000
0.0000
0.0000
0.0000
0.0000
0.0000
0.0000
0.0180
0.0000
0.0177
0.0175
0.0173
0.0000
0.0170
0.0000
0.0000
0.0000
0.0000
0.0000
0.0000
0.0000
0.0000
0.0000
0.0153
0.0000
0.0000
0.0000
0.0000
0.0000
0.0143
0.0000
0.0000
0.0000
0.0137
0.0000
0.0000
0.0000
0.0000
0.0000
0.0000
0.0000
0.0000
0.0000
0.0000
0.0000
0.0000
0.0000
0.0000
0.0000
0.0000
0.0000
0.0000
0.0000
0.0000
0.0000
0.0000
0.0000
0.0000
0.0000
0.0099
0.0000
0.0096
0.0000
0.0000
0.0092
0.0000
0.0090
0.0000
0.0087
0.0000
0.0000
0.0083
0.0082
0.0081
0.0160
0.0000
0.0077
0.0000
0.0000
0.0000
0.0000
0.0071
0.0000
0.0000
0.0000
0.0067
0.0066
0.0000
0.0063
0.0000
0.0000
0.0060
0.0000
0.0000
0.0000
0.0000
0.0000
0.0000
0.0000
0.0000
0.0000
0.0000
0.0049
0.0000
0.0047
0.0046
0.0000
0.0000
0.0000
0.0000
0.0000
0.0000
0.0000
0.0000
0.0000
0.0000
0.0109
0.0035
0.0000
0.0034
0.0000
0.0000
0.0000
0.0091
0.0030
0.0000
0.0000
0.0027
0.0000
0.0000
0.0025
0.0000
0.0000
0.0023
0.0023
0.0022
0.0000
0.0000
0.0040
0.0000
0.0037
0.0018
0.0017
0.0000
0.0016
0.0000
0.0015
0.0000
0.0014
0.0000
0.0026
0.0013
0.0000
0.0000
0.0000
0.0000
0.0010
0.0000
0.0009
0.0009
0.0017
0.0000
0.0000
0.0007
0.0000
0.0000
0.0000
0.0006
0.0000
0.0005
0.0000
0.0000
0.0000
0.0000
0.0000
0.0000
0.0006
0.0000
0.0003
0.0000
0.0000
0.0000
0.0000
0.0002
0.0000
0.0000
0.0000
0.0001
0.0000
0.0000
0.0000
0.0000
0.0000
0.0000
0.0000
0.0000
0.0000
0.0000
0.0000
0.0000
0.0000
0.0000
0.0000
0.0000
0.0000
0.0000
0.0000
0.0000
0.0001
0.0000
0.0000
0.0000
0.0000
0.0000
0.0000
0.0000
0.0000
0.0000
0.0000
0.0002
0.0002
0.0004
0.0000
0.0000
0.0000
0.0000
0.0000
0.0000
0.0000
0.0000
0.0000
0.0005
0.0000
0.0005
0.0006
0.0000
0.0000
0.0000
0.0007
0.0000
0.0016
0.0000
0.0000
0.0000
0.0000
0.0000
0.0000
0.0000
0.0000
0.0000
0.0012
0.0000
0.0000
0.0000
0.0000
0.0000
0.0000
0.0016
0.0000
0.0000
0.0018
0.0000
0.0000
0.0020
0.0000
0.0000
0.0000
0.0000
0.0000
0.0024
0.0024
0.0000
0.0026
0.0000
0.0000
0.0028
0.0000
0.0000
0.0000
0.0000
0.0000
0.0032
0.0033
0.0000
0.0000
0.0000
0.0000
0.0000
0.0000
0.0000
0.0000
0.0000
0.0000
0.0000
0.0000
0.0000
0.0000
0.0000
0.0000
0.0048
0.0000
0.0000
0.0051
0.0000
0.0000
0.0000
0.0000
0.0000
0.0000
0.0059
0.0000
0.0061
0.0000
0.0000
0.0000
0.0000
0.0000
0.0000
0.0000
0.0000
0.0000
0.0072
0.0000
0.0000
0.0000
0.0000
0.0000
0.0000
0.0000
0.0000
0.0083
0.0000
0.0000
0.0000
0.0000
0.0000
0.0000
0.0000
0.0000
0.0000
0.0287
0.0000
0.0000
0.0000
0.0000
0.0000
0.0000
0.0000
0.0107
0.0000
0.0219
0.0111
0.0112
0.0000
0.0115
0.0000
0.0000
0.0000
0.0000
0.0000
0.0000
0.0126
0.0000
0.0000
0.0000
0.0000
0.0000
0.0000
0.0000
0.0000
0.0000
0.0000
0.0000
0.0000
0.0000
0.0000
0.0000
0.0301
0.0000
0.0154
0.0000
0.0000
0.0159
0.0000
0.0000
0.0164
0.0000
0.0000
0.0169
0.0000
0.0000
0.0000
0.0000
0.0000
0.0000
0.0000
0.0000
0.0000
0.0186
0.0376
0.0000
0.0000
0.0000
0.0000
0.0197
0.0000
0.0000
0.0000
0.0000
0.0000
0.0000
0.0000
0.0000
0.0000
0.0215
0.0000
0.0000
0.0221
0.0000
0.0000
0.0000
0.0000
0.0231
0.0000
0.0234
0.0000
0.0000
0.0000
0.0242
0.0488
0.0000
0.0248
0.0000
0.0000
0.0000
0.0256
0.0258
0.0000
0.0262
0.0528
0.0000
0.0000
0.0270
0.0272
0.0000
0.0000
0.0278
0.0000
0.0282
0.0284
0.0573
0.0288
0.0000
0.0000
0.0000
0.0000
0.0299
0.0000
0.0000
0.0610
0.0000
0.0000
0.0623
0.0000
0.0632
0.0000
0.0000
0.0322
0.0324
0.0980
0.0000
0.0000
0.0333
0.0335
0.1012
0.0000
0.0000
0.0344
0.0346
0.0348
0.0350
0.0000
0.0000
0.0000
0.0359
0.0361
0.0000
0.0732
0.1104
0.0370
0.1490
0.0000
0.0000
0.0758
0.0381
0.0000
0.0000
0.0000
0.1171
0.0785
0.0395
0.0000
0.0799
0.0402
0.0000
0.0000
0.0000
0.0000
0.0413
0.1246
0.1252
0.0840
0.0422
0.0424
0.0427
0.0429
0.0000
0.0000
0.0872
0.0876
0.0000
0.0885
0.0445
0.0447
0.0450
0.0000
0.0454
0.0456
0.0000
0.0461
0.0463
0.0000
0.0936
0.0000
0.0473
0.0475
0.0477
0.0000
0.0482
0.0000
0.0000
0.0489
0.0000
0.0494
0.0000
0.0000
0.0000
0.0000
0.0000
0.0000
0.0000
0.0000
0.0000
0.0000
0.0000
0.0000
0.0000
0.0000
0.0000
0.0000
0.0533
0.0000
0.0000
0.0540
0.0000
0.0545
0.0000
0.0000
0.0000
0.0554
0.0000
0.0000
0.0000
0.0000
0.0000
0.0000
0.0570
0.0573
0.0000
0.0000
0.0000
0.0000
0.0584
0.0587
0.0589
0.0000
0.0000
0.0000
0.0000
0.0000
0.0603
0.3027
0.1823
0.0610
0.0000
0.0000
0.0000
0.0000
0.0621
0.0000
0.0626
0.0628
0.0000
0.0633
0.0000
0.0000
0.0000
0.0000
0.0000
0.0000
0.0000
0.0000
0.0654
0.0000
0.0000
0.0660
0.0663
0.0665
0.0000
0.1339
0.0000
0.0000
0.0676
0.0000
0.0000
0.0683
0.0000
0.0000
0.0000
0.0000
0.0000
0.0696
0.0000
0.0000
0.0703
0.0000
0.0000
0.0000
0.0000
0.0714
0.0000
0.0000
0.0721
0.0000
0.0725
0.0000
0.0729
0.0000
0.0000
0.0000
0.0738
0.0000
0.0000
0.0744
0.0000
0.0000
0.0751
0.0000
0.0000
0.1514
0.0000
0.1523
0.0000
0.0000
0.0000
0.0770
0.0772
0.0774
0.0000
0.0000
0.0780
0.0782
0.0000
0.0000
0.0000
0.0791
0.0000
0.0000
0.0000
0.0000
0.0000
0.0000
0.0000
0.0000
0.0000
0.0000
0.0000
0.0000
0.1633
0.0819
0.0821
0.0000
0.0000
0.0000
0.1657
0.0000
0.0000
0.0000
0.0000
0.0000
0.0000
0.0842
0.0000
0.0000
0.0000
0.0000
0.0851
0.0000
0.0000
0.0000
0.0000
0.0000
0.0000
0.0000
0.0000
0.0000
0.1740
0.0000
0.1747
0.0000
0.0000
0.0000
0.0881
0.0000
0.0884
0.0000
0.0888
0.0000
0.0000
0.0000
0.0000
0.0896
0.0000
0.0000
0.0000
0.0000
0.0000
0.1813
0.0908
0.0000
0.0000
0.0000
0.0000
0.0000
0.0000
0.0000
0.0000
0.0000
0.0000
0.0000
0.0000
0.0000
0.0000
0.0000
0.0000
0.0936
0.0000
0.0000
0.0000
0.0000
0.0000
0.0000
0.0000
0.0000
0.0000
0.0000
0.0000
0.0953
0.1910
0.0000
0.0000
0.0000
0.0000
0.0000
0.0000
0.0000
0.0000
0.0000
0.0969
0.0970
0.0000
0.0973
0.0974
0.0000
0.0000
0.0000
0.0979
0.0000
0.0000
0.0000
0.0000
0.0000
0.0000
0.0000
0.1979
0.1982
0.2976
0.0000
0.0000
0.2987
0.0997
0.0000
0.0000
0.0000
0.0000
0.1002
0.0000
0.1005
0.0000
0.0000
0.0000
0.0000
0.1010
0.0000
0.0000
0.0000
0.0000
0.0000
0.0000
0.0000
0.2037
0.1019
0.0000
0.1021
0.0000
0.2046
0.0000
0.0000
0.2052
0.0000
0.0000
0.0000
0.0000
0.0000
0.0000
0.0000
0.2066
0.0000
0.0000
0.0000
0.1036
0.2074
0.0000
0.3116
0.1039
0.0000
0.0000
0.0000
0.0000
0.0000
0.1044
0.2089
0.0000
0.0000
0.1047
0.0000
0.0000
0.0000
0.0000
0.0000
0.0000
0.0000
0.2103
0.0000
0.0000
0.0000
0.1054
0.0000
0.0000
0.0000
0.0000
0.0000
0.0000
0.1057
0.0000
0.0000
0.0000
0.1059
0.1060
0.0000
0.0000
0.0000
0.0000
0.0000
0.0000
0.0000
0.0000
0.1063
0.0000
0.0000
0.0000
0.0000
0.0000
0.0000
0.1065
0.0000
0.0000
0.0000
0.0000
0.0000
0.1067
0.0000
0.0000
0.1067
0.0000
0.1068
0.0000
0.0000
0.0000
0.0000
0.0000
0.1068
0.1068
0.1068
0.0000
0.0000
0.0000
0.0000
0.0000
0.0000
0.0000
0.0000
0.0000
0.0000
0.0000
0.0000
0.0000
0.0000
0.1068
0.0000
0.0000
0.0000
0.0000
0.0000
0.0000
0.0000
0.1067
0.0000
0.1067
0.0000
0.1067
0.0000
0.0000
0.0000
0.2132
0.0000
0.0000
0.0000
0.0000
0.1065
0.0000
0.2128
0.0000
0.1063
0.0000
0.0000
0.1062
0.0000
0.0000
0.1061
0.0000
0.0000
0.0000
0.0000
0.0000
0.0000
0.1058
0.0000
0.0000
0.0000
0.0000
0.0000
0.0000
0.1055
0.0000
0.0000
0.0000
0.0000
0.0000
0.1051
0.2101
0.0000
0.0000
0.0000
0.0000
0.0000
0.0000
0.0000
0.1045
0.1045
0.2088
0.0000
0.0000
0.0000
0.0000
0.1040
0.2079
0.0000
0.1038
0.0000
0.1037
0.0000
0.0000
0.0000
0.2067
0.0000
0.0000
0.0000
0.0000
0.0000
0.1028
0.3082
0.0000
0.0000
0.1025
0.0000
0.0000
0.2043
0.4083
0.3059
0.6113
0.4071
0.0000
0.0000
0.1015
0.0000
0.1013
0.1012
0.1011
0.0000
0.0000
0.0000
0.0000
0.0000
0.1004
0.0000
0.0000
0.0000
0.0000
0.0000
0.0000
0.0000
0.0000
0.0000
0.0000
0.0000
0.0990
0.0000
0.1975
0.0000
0.0985
0.2952
0.2948
0.5889
0.4901
0.2937
0.0978
0.1952
0.1950
0.2921
0.1945
0.0971
0.2909
0.3873
0.3867
0.2896
0.1928
0.6739
0.1923
0.4800
0.3834
0.3828
0.1911
0.4771
0.1905
0.1903
0.1900
0.5690
0.3788
0.4727
0.6607
0.4712
0.2823
0.0939
0.0938
0.0936
0.7478
0.3733
0.0932
0.7441
0.3714
0.1854
0.0925
0.0000
0.5533
0.5523
0.3676
0.2752
0.7325
0.6398
0.1825
0.3643
1.0000
0.9074
0.1812
0.6328
0.6317
0.3603
0.0899
0.8973
0.3582
0.2682
0.3568
0.3561
0.5332
0.1774
0.5311
0.2650
0.7934
0.6159
0.2634
0.2629
0.3498
0.0000
0.0871
0.0869
0.2602
0.0865
0.4318
0.3447
0.1720
0.4290
0.4281
0.3417
0.0852
0.1701
0.0000
0.4234
0.6759
0.1686
0.3364
0.3356
0.2512
0.3341
0.3333
0.5820
0.4147
0.4965
0.5779
0.2471
0.6573
0.5738
0.8177
0.4079
0.5696
0.2435
0.3239
0.4846
0.3223
0.3215
0.4008
0.4798
0.0798
0.3182
0.2381
0.5541
0.6316
0.3150
0.3927
0.2350
0.1562
0.0779
0.3885
0.5425
0.2319
0.6167
0.3075
0.5367
0.6116
0.0762
0.2281
0.0758
0.1512
0.3770
0.5263
0.2249
0.2243
0.2236
0.3716
0.4447
0.2956
0.1474
0.0735
0.2197
0.2191
0.2184
0.2178
0.1448
0.2165
0.3597
0.0000
0.2145
0.3564
0.3553
0.0708
0.2119
0.1408
0.2807
0.1399
0.1395
0.3476
0.3465
0.2763
0.1377
0.0686
0.1368
0.2727
0.3397
0.0000
0.2025
0.1345
0.0000
0.2005
0.0666
0.5310
0.2646
0.1978
0.1971
0.0655
0.4567
0.0650
0.2591
0.1291
0.3216
0.2564
0.2555
0.3182
0.1902
0.3791
0.5666
0.5018
0.5624
0.3113
0.6203
0.6180
0.7388
0.0613
0.3055
0.3653
0.3639
0.1812
0.3009
0.2998
0.4180
0.1785
0.2370
0.4132
0.3528
0.4685
0.1750
0.2324
0.5786
0.2305
0.4018
0.2287
0.2277
0.0567
0.1129
0.1125
0.1120
0.1673
0.1111
0.1106
0.1101
0.1097
0.1092
0.2718
0.2165
0.2156
0.0000
0.4275
