0.8902
0.7997
0.9193
1.0000
0.8530
0.0693
0.0260
0.0090
0.0067
0.0033
0.0033
0.0055
0.0000
0.0022
0.0065
0.0022
0.0022
0.0021
0.0032
0.0000
0.0042
0.0063
0.0000
0.0031
0.0031
0.0010
0.0010
0.0000
0.0000
0.0030
0.0000
0.0010
0.0000
0.0020
0.0000
0.0010
0.0000
0.0019
0.0000
0.0000
0.0010
0.0000
0.0000
0.0000
0.0009
0.0009
0.0000
0.0000
0.0000
0.0009
0.0000
0.0009
0.0000
0.0000
0.0000
0.0000
0.0000
0.0017
0.0000
0.0009
0.0000
0.0000
0.0000
0.0008
0.0008
0.0000
0.0008
0.0000
0.0008
0.0000
0.0008
0.0008
0.0016
0.0008
0.0008
0.0000
0.0016
0.0008
0.0008
0.0000
0.0015
0.0015
0.0015
0.0022
0.0000
0.0000
0.0015
0.0007
0.0015
0.0007
0.0007
0.0000
0.0000
0.0007
0.0014
0.0000
0.0007
0.0007
0.0014
0.0007
0.0007
0.0007
0.0000
0.0000
0.0007
0.0000
0.0000
0.0000
0.0000
0.0000
0.0000
0.0000
0.0006
0.0000
0.0000
0.0000
0.0012
0.0006
0.0000
0.0000
0.0000
0.0000
0.0000
0.0006
0.0000
0.0000
0.0011
0.0011
0.0011
0.0005
0.0000
0.0005
0.0000
0.0000
0.0005
0.0005
0.0005
0.0005
0.0000
0.0000
0.0000
0.0000
0.0015
0.0000
0.0010
0.0005
0.0009
0.0000
0.0000
0.0005
0.0009
0.0000
0.0018
0.0009
0.0009
0.0000
0.0004
0.0013
0.0004
0.0008
0.0004
0.0000
0.0000
0.0004
0.0004
0.0000
0.0012
0.0004
0.0004
0.0000
0.0004
0.0004
0.0004
0.0000
0.0000
0.0000
0.0000
0.0000
0.0000
0.0003
0.0000
0.0000
0.0000
0.0000
0.0003
0.0000
0.0003
0.0000
0.0003
0.0000
0.0006
0.0006
0.0000
0.0000
0.0003
0.0000
0.0000
0.0003
0.0000
0.0000
0.0000
0.0000
0.0000
0.0000
0.0000
0.0005
0.0000
0.0005
0.0000
0.0000
0.0000
0.0002
0.0005
0.0002
0.0002
0.0000
0.0007
0.0004
0.0002
0.0000
0.0004
0.0000
0.0000
0.0000
0.0002
0.0002
0.0000
0.0000
0.0004
0.0000
0.0004
0.0000
0.0002
0.0003
0.0002
0.0002
0.0000
0.0000
0.0000
0.0005
0.0006
0.0002
0.0000
0.0000
0.0000
0.0000
0.0000
0.0003
0.0000
0.0000
0.0001
0.0000
0.0000
0.0000
0.0000
0.0002
0.0001
0.0001
0.0000
0.0000
0.0000
0.0000
0.0000
0.0000
0.0000
0.0000
0.0000
0.0000
0.0000
0.0001
0.0000
0.0000
0.0000
0.0001
0.0000
0.0002
0.0000
0.0000
0.0002
0.0000
0.0001
0.0001
0.0001
0.0001
0.0001
0.0001
0.0001
0.0000
0.0001
0.0007
0.0001
0.0000
0.0000
0.0002
0.0001
0.0000
0.0002
0.0000
0.0001
0.0002
0.0000
0.0000
0.0000
0.0000
0.0000
0.0000
0.0000
0.0000
0.0000
0.0000
0.0000
0.0001
0.0000
0.0000
0.0000
0.0000
0.0000
0.0000
0.0000
0.0000
0.0000
0.0000
0.0000
0.0000
0.0000
0.0000
0.0000
0.0000
0.0000
0.0000
0.0000
0.0000
0.0000
0.0000
0.0000
0.0000
0.0000
0.0000
0.0000
0.0000
0.0000
0.0000
0.0000
0.0000
0.0000
0.0000
0.0000
0.0000
0.0000
0.0000
0.0000
0.0000
0.0000
0.0000
0.0000
0.0000
0.0000
0.0000
0.0000
0.0000
0.0000
0.0000
0.0000
0.0000
0.0000
0.0000
0.0000
0.0000
0.0000
0.0000
0.0000
0.0000
0.0000
0.0000
0.0000
0.0000
0.0000
0.0000
0.0000
0.0000
0.0000
0.0000
0.0000
0.0000
0.0000
0.0000
0.0000
0.0000
0.0000
0.0000
0.0000
0.0000
0.0000
0.0000
0.0000
0.0000
0.0000
0.0000
0.0000
0.0000
0.0000
0.0000
0.0000
0.0000
0.0000
0.0000
0.0000
0.0000
0.0000
0.0000
0.0000
0.0000
0.0000
0.0000
0.0000
0.0000
0.0000
0.0000
0.0000
0.0000
0.0000
0.0000
0.0000
0.0001
0.0000
0.0000
0.0000
0.0000
0.0000
0.0000
0.0000
0.0000
0.0000
0.0001
0.0000
0.0000
0.0001
0.0001
0.0001
0.0000
0.0001
0.0000
0.0000
0.0002
0.0000
0.0002
0.0001
0.0000
0.0000
0.0001
0.0000
0.0001
0.0003
0.0001
0.0001
0.0000
0.0001
0.0001
0.0001
0.0000
0.0003
0.0000
0.0001
0.0000
0.0000
0.0001
0.0000
0.0000
0.0000
0.0000
0.0000
0.0000
0.0001
0.0000
0.0000
0.0001
0.0000
0.0000
0.0002
0.0000
0.0002
0.0003
0.0000
0.0000
0.0000
0.0000
0.0000
0.0002
0.0000
0.0000
0.0000
0.0000
0.0002
0.0000
0.0004
0.0006
0.0006
0.0010
0.0002
0.0002
0.0000
0.0004
0.0002
0.0013
0.0002
0.0002
0.0000
0.0002
0.0002
0.0005
0.0002
0.0002
0.0007
0.0005
0.0003
0.0003
0.0003
0.0005
0.0000
0.0000
0.0003
0.0000
0.0003
0.0000
0.0000
0.0000
0.0000
0.0000
0.0000
0.0003
0.0000
0.0000
0.0006
0.0000
0.0003
0.0000
0.0003
0.0000
0.0007
0.0000
0.0000
0.0003
0.0007
0.0000
0.0000
0.0000
0.0000
0.0004
0.0000
0.0000
0.0008
0.0000
0.0000
0.0004
0.0000
0.0000
0.0000
0.0000
0.0000
0.0004
0.0000
0.0000
0.0000
0.0004
0.0000
0.0000
0.0004
0.0004
0.0000
0.0005
0.0000
0.0014
0.0005
0.0000
0.0005
0.0005
0.0000
0.0010
0.0000
0.0005
0.0005
0.0005
0.0000
0.0000
0.0000
0.0005
0.0005
0.0005
0.0000
0.0000
0.0005
0.0011
0.0011
0.0006
0.0006
0.0006
0.0000
0.0011
0.0000
0.0006
0.0000
0.0000
0.0018
0.0000
0.0006
0.0000
0.0012
0.0000
0.0006
0.0000
0.0006
0.0000
0.0000
0.0006
0.0000
0.0006
0.0000
0.0000
0.0007
0.0000
0.0000
0.0000
0.0000
0.0007
0.0000
0.0007
0.0000
0.0007
0.0000
0.0000
0.0014
0.0000
0.0000
0.0000
0.0007
0.0000
0.0000
0.0000
0.0000
0.0000
0.0000
0.0008
0.0000
0.0000
0.0000
0.0000
0.0000
0.0000
0.0008
0.0016
0.0000
0.0008
0.0025
0.0008
0.0000
0.0008
0.0034
0.0000
0.0017
0.0009
0.0000
0.0009
0.0000
0.0009
0.0009
0.0000
0.0009
0.0009
0.0009
0.0000
0.0000
0.0000
0.0009
0.0009
0.0009
0.0009
0.0000
0.0000
0.0010
0.0010
0.0000
0.0000
0.0000
0.0010
0.0010
0.0010
0.0000
0.0000
0.0000
0.0000
0.0000
0.0000
0.0000
0.0000
0.0000
0.0000
0.0010
0.0000
0.0000
0.0000
0.0000
0.0000
0.0000
0.0000
0.0000
0.0011
0.0000
0.0000
0.0011
0.0011
0.0011
0.0011
0.0000
0.0000
0.0000
0.0000
0.0000
0.0011
0.0023
0.0012
0.0023
0.0000
0.0000
0.0012
0.0000
0.0024
0.0012
0.0000
0.0000
0.0012
0.0000
0.0012
0.0024
0.0025
0.0000
0.0012
0.0000
0.0000
0.0000
0.0000
0.0000
0.0013
0.0013
0.0000
0.0013
0.0000
0.0000
0.0000
0.0013
0.0013
0.0000
0.0013
0.0000
0.0000
0.0000
0.0000
0.0013
0.0013
0.0014
0.0014
0.0000
0.0000
0.0000
0.0000
0.0000
0.0000
0.0000
0.0014
0.0000
0.0000
0.0000
0.0000
0.0000
0.0029
0.0000
0.0014
0.0029
0.0014
0.0000
0.0015
0.0044
0.0000
0.0000
0.0000
0.0000
0.0000
0.0000
0.0030
0.0000
0.0015
0.0000
0.0000
0.0000
0.0000
0.0000
0.0015
0.0031
0.0000
0.0031
0.0000
0.0031
0.0031
0.0000
0.0000
0.0000
0.0000
0.0000
0.0000
0.0016
0.0000
0.0016
0.0032
0.0032
0.0016
0.0016
0.0000
0.0000
0.0000
0.0033
0.0016
0.0033
0.0000
0.0000
0.0017
0.0000
0.0000
0.0017
0.0000
0.0017
0.0000
0.0000
0.0000
0.0000
0.0000
0.0000
0.0000
0.0000
0.0000
0.0000
0.0035
0.0000
0.0000
0.0000
0.0000
0.0000
0.0018
0.0000
0.0000
0.0000
0.0000
0.0000
0.0000
0.0000
0.0036
0.0000
0.0000
0.0018
0.0000
0.0018
0.0000
0.0018
0.0018
0.0000
0.0074
0.0000
0.0018
0.0000
0.0000
0.0019
0.0019
0.0000
0.0000
0.0038
0.0038
0.0019
0.0000
0.0019
0.0000
0.0019
0.0019
0.0000
0.0000
0.0019
0.0000
0.0000
0.0000
0.0019
0.0000
0.0000
0.0000
0.0000
0.0000
0.0000
0.0000
0.0000
0.0000
0.0000
0.0000
0.0000
0.0000
0.0020
0.0000
0.0000
0.0000
0.0000
0.0000
0.0000
0.0000
0.0000
0.0000
0.0000
0.0000
0.0000
0.0000
0.0000
0.0000
0.0000
0.0020
0.0000
0.0061
0.0000
0.0000
0.0021
0.0021
0.0021
0.0000
0.0021
0.0000
0.0000
0.0042
0.0000
0.0021
0.0000
0.0021
0.0000
0.0000
0.0042
0.0021
0.0000
0.0000
0.0021
0.0021
0.0000
0.0000
0.0000
0.0000
0.0000
0.0021
0.0000
0.0000
0.0021
0.0000
0.0021
0.0000
0.0022
0.0000
0.0000
0.0022
0.0000
0.0000
0.0000
0.0000
0.0022
0.0022
0.0000
0.0022
0.0000
0.0000
0.0000
0.0022
0.0022
0.0000
0.0000
0.0000
0.0000
0.0022
0.0022
0.0000
0.0022
0.0000
0.0000
0.0000
0.0022
0.0000
0.0022
0.0022
0.0022
0.0000
0.0000
0.0000
0.0022
0.0022
0.0045
0.0000
0.0000
0.0000
0.0000
0.0000
0.0067
0.0045
0.0023
0.0000
0.0000
0.0023
0.0023
0.0045
0.0000
0.0023
0.0000
0.0000
0.0023
0.0000
0.0023
0.0023
0.0023
0.0000
0.0023
0.0046
0.0023
0.0000
0.0023
0.0046
0.0023
0.0000
0.0000
0.0000
0.0023
0.0023
0.0000
0.0000
0.0000
0.0000
0.0000
0.0023
0.0000
0.0000
0.0023
0.0023
0.0023
0.0023
0.0023
0.0046
0.0000
0.0000
0.0000
0.0000
0.0000
0.0000
0.0000
0.0000
0.0000
0.0023
0.0000
0.0000
0.0000
0.0000
0.0000
0.0000
0.0000
0.0000
0.0000
0.0000
0.0023
0.0000
0.0000
0.0000
0.0000
0.0000
0.0023
0.0000
0.0023
0.0000
0.0023
0.0000
0.0000
0.0046
0.0000
0.0000
0.0000
0.0000
0.0000
0.0000
0.0023
0.0046
0.0023
0.0023
0.0000
0.0000
0.0000
0.0023
0.0000
0.0023
0.0023
0.0046
0.0000
0.0000
0.0023
0.0000
0.0046
0.0023
0.0023
0.0000
0.0000
0.0046
0.0000
0.0000
0.0000
0.0023
0.0000
0.0000
0.0046
0.0000
0.0023
0.0000
0.0000
0.0000
0.0000
0.0000
0.0000
0.0000
0.0023
0.0000
0.0000
0.0000
0.0000
0.0000
0.0000
0.0000
0.0023
0.0000
0.0023
0.0000
0.0000
0.0000
0.0000
0.0046
0.0000
0.0000
0.0000
0.0000
0.0000
0.0000
0.0000
0.0023
0.0000
0.0068
0.0000
0.0045
0.0023
0.0023
0.0023
0.0023
0.0023
0.0000
0.0045
0.0000
0.0000
0.0023
0.0023
0.0045
0.0022
0.0000
0.0000
0.0000
0.0000
0.0000
0.0022
0.0000
0.0000
0.0000
0.0000
0.0000
0.0045
0.0000
0.0022
0.0000
0.0022
0.0022
0.0000
0.0022
0.0000
0.0044
0.0000
0.0000
0.0000
0.0000
0.0000
0.0000
0.0022
0.0022
0.0000
0.0000
0.0022
0.0000
0.0000
0.0000
0.0000
0.0000
0.0000
0.0000
0.0000
0.0000
0.0000
0.0000
0.0000
0.0000
0.0000
0.0000
0.0043
0.0000
0.0000
0.0000
0.0000
0.0000
0.0000
0.0085
0.0000
0.0021
0.0000
0.0042
0.0000
0.0021
0.0021
0.0000
0.0000
0.0021
0.0000
0.0000
0.0000
0.0000
0.0000
0.0000
0.0021
0.0000
0.0041
0.0000
0.0000
0.0021
0.0021
0.0082
0.0000
0.0041
0.0020
0.0020
0.0000
0.0020
0.0020
0.0000
0.0000
0.0081
0.0040
0.0040
0.0020
0.0040
0.0000
0.0000
0.0020
0.0020
0.0000
0.0040
0.0000
0.0000
0.0000
0.0000
0.0039
0.0020
0.0000
0.0059
0.0000
0.0000
0.0000
0.0019
0.0000
0.0000
0.0000
0.0038
0.0019
0.0019
0.0019
0.0000
0.0019
0.0000
0.0019
0.0038
0.0038
0.0075
0.0056
0.0056
0.0037
0.0000
0.0019
0.0037
0.0019
0.0000
0.0018
0.0000
0.0055
0.0018
0.0092
0.0183
0.0164
0.0182
0.0181
0.0181
0.0054
0.0054
0.0018
0.0000
0.0018
0.0071
0.0000
0.0000
0.0018
0.0035
0.0071
0.0018
0.0000
0.0018
0.0052
0.0000
0.0035
0.0000
0.0000
0.0052
0.0000
0.0000
0.0000
0.0000
0.0000
0.0017
0.0017
0.0000
0.0034
0.0000
0.0000
0.0017
0.0000
0.0000
0.0017
0.0033
0.0000
0.0016
0.0016
0.0016
0.0000
0.0000
0.0000
0.0000
0.0016
0.0000
0.0016
0.0016
0.0016
0.0016
0.0000
0.0016
0.0016
0.0016
0.0016
0.0000
0.0047
0.0000
0.0031
0.0015
0.0000
0.0000
0.0030
0.0000
0.0000
0.0000
0.0060
0.0000
0.0030
0.0015
0.0015
0.0044
0.0000
0.0000
0.0015
0.0000
0.0015
0.0029
0.0029
0.0000
0.0057
0.0043
0.0014
0.0000
0.0000
0.0014
0.0000
0.0000
0.0014
0.0000
0.0000
0.0014
0.0000
0.0000
0.0014
0.0000
0.0000
0.0000
0.0000
0.0027
0.0000
0.0013
0.0000
0.0000
0.0013
0.0000
0.0000
0.0000
0.0013
0.0000
0.0026
0.0000
0.0000
0.0013
0.0000
0.0000
0.0013
0.0025
0.0000
0.0012
0.0000
0.0012
0.0025
0.0024
0.0024
0.0012
0.0000
0.0036
0.0012
0.0012
0.0024
0.0012
0.0000
0.0023
0.0000
0.0012
