0.0000
0.0000
0.0000
0.0000
0.1574
0.0000
0.0000
0.0000
0.2320
0.0000
0.0766
0.0763
0.0000
0.0000
0.0000
0.0000
0.0000
0.0000
0.0000
0.0735
0.0731
0.0000
0.0000
0.0000
0.1435
0.0000
0.0000
0.0707
0.0704
0.0000
0.0000
0.0000
0.0000
0.0000
0.0000
0.0000
0.0000
0.0000
0.0669
0.0000
0.0000
0.0000
0.0655
0.0652
0.0000
0.0645
0.0000
0.0638
0.0000
0.1262
0.0000
0.0000
0.0621
0.0000
0.0614
0.0000
0.0000
0.0000
0.0000
0.0000
0.0000
0.0590
0.0587
0.0584
0.0000
0.0000
0.0574
0.0570
0.0000
0.0563
0.0000
0.0000
0.0000
0.0000
0.0547
0.0000
0.0000
0.0000
0.0000
0.0530
0.0527
0.0000
0.0000
0.0000
0.0000
0.0000
0.0507
0.0504
0.0501
0.0000
0.0000
0.0491
0.0000
0.0485
0.0000
0.0000
0.0950
0.0944
0.0469
0.0000
0.0000
0.0459
0.0456
0.0906
0.0900
0.0447
0.0000
0.0440
0.0874
0.0000
0.0431
0.0000
0.0000
0.0422
0.0000
0.0000
0.0413
0.0000
0.0000
0.0403
0.0801
0.0000
0.0000
0.0391
0.0000
0.0000
0.0000
0.0000
0.0376
0.0000
0.0000
0.0000
0.0000
0.0000
0.0000
0.0000
0.0706
0.0000
0.0347
0.0000
0.0000
0.0000
0.0000
0.0000
0.0000
0.0000
0.0000
0.0000
0.0000
0.0000
0.0000
0.0000
0.0923
0.0305
0.0302
0.0000
0.0000
0.0000
0.0291
0.0000
0.0000
0.0000
0.0000
0.0000
0.0000
0.0545
0.0270
0.0000
0.0000
0.0262
0.0000
0.0000
0.0254
0.0000
0.0249
0.0000
0.0000
0.0242
0.0000
0.0000
0.0234
0.0000
0.0000
0.0000
0.0449
0.0000
0.0000
0.0000
0.0000
0.0213
0.0000
0.0000
0.0205
0.0000
0.0000
0.0199
0.0196
0.0000
0.0000
0.0189
0.0000
0.0000
0.0000
0.0180
0.0000
0.0176
0.0000
0.0000
0.0000
0.0000
0.0000
0.0000
0.0161
0.0000
0.0000
0.0000
0.0000
0.0452
0.0149
0.0147
0.0145
0.0285
0.0000
0.0139
0.0137
0.0000
0.0133
0.0131
0.0129
0.0381
0.0000
0.0000
0.0121
0.0120
0.0471
0.0000
0.0457
0.0225
0.0111
0.0000
0.0321
0.0105
0.0311
0.0306
0.0100
0.0000
0.0097
0.0095
0.0281
0.0735
0.0000
0.0177
0.0174
0.0000
0.0000
0.0165
0.0162
0.0159
0.0000
0.0000
0.0000
0.0000
0.0000
0.0000
0.0207
0.0000
0.0132
0.0000
0.0063
0.0000
0.0000
0.0000
0.0058
0.0057
0.0000
0.0000
0.0053
0.0000
0.0000
0.0049
0.0000
0.0047
0.0000
0.0000
0.0043
0.0085
0.0000
0.0040
0.0039
0.0038
0.0074
0.0036
0.0035
0.0000
0.0000
0.0064
0.0031
0.0060
0.0000
0.0000
0.0027
0.0026
0.0025
0.0000
0.0000
0.0000
0.0022
0.0000
0.0020
0.0000
0.0000
0.0018
0.0035
0.0050
0.0064
0.0137
0.0189
0.0167
0.0159
0.0126
0.0084
0.0046
0.0076
0.0062
0.0039
0.0028
0.0000
0.0000
0.0015
0.0014
0.0007
0.0000
0.0006
0.0000
0.0000
0.0005
0.0000
0.0008
0.0000
0.0000
0.0000
0.0003
0.0000
0.0004
0.0000
0.0002
0.0001
0.0000
0.0000
0.0000
0.0000
0.0001
0.0000
0.0000
0.0000
0.0000
0.0000
0.0000
0.0000
0.0000
0.0000
0.0000
0.0000
0.0000
0.0000
0.0000
0.0000
0.0000
0.0001
0.0002
0.0001
0.0000
0.0000
0.0003
0.0002
0.0000
0.0000
0.0007
0.0000
0.0006
0.0003
0.0007
0.0008
0.0008
0.0009
0.0000
0.0000
0.0000
0.0000
0.0013
0.0007
0.0007
0.0000
0.0025
0.0000
0.0000
0.0020
0.0000
0.0000
0.0012
0.0012
0.0013
0.0000
0.0000
0.0015
0.0016
0.0033
0.0000
0.0000
0.0018
0.0058
0.0020
0.0000
0.0000
0.0022
0.0000
0.0000
0.0000
0.0000
0.0027
0.0000
0.0057
0.0029
0.0000
0.0000
0.0000
0.0000
0.0000
0.0035
0.0000
0.0000
0.0000
0.0040
0.0000
0.0042
0.0086
0.0044
0.0000
0.0046
0.0047
0.0000
0.0100
0.0000
0.0000
0.0107
0.0000
0.0168
0.0057
0.0059
0.0000
0.0123
0.0000
0.0064
0.0131
0.0000
0.0137
0.0070
0.0071
0.0145
0.0074
0.0000
0.0077
0.0314
0.0000
0.0163
0.0083
0.0000
0.0000
0.0264
0.0000
0.0000
0.0000
0.0094
0.0000
0.0000
0.0199
0.0101
0.0000
0.0000
0.0212
0.0000
0.0000
0.0223
0.0113
0.0000
0.0000
0.0000
0.0121
0.0000
0.0124
0.0000
0.0000
0.0260
0.0000
0.0000
0.0000
0.0000
0.0000
0.0142
0.0000
0.0291
0.0000
0.0150
0.0000
0.0000
0.0000
0.0316
0.0000
0.0000
0.0000
0.0166
0.0000
0.0341
0.0000
0.0175
0.1063
0.0359
0.0182
0.0000
0.0000
0.0188
0.0191
0.0000
0.0000
0.0395
0.0000
0.0000
0.0000
0.0000
0.0209
0.0211
0.0000
0.0216
0.0219
0.0000
0.0223
0.0000
0.0228
0.0000
0.0233
0.0471
0.0238
0.0000
0.0243
0.0246
0.0248
0.0251
0.0000
0.0767
0.0000
0.0261
0.0000
0.0798
0.0000
0.0000
0.0000
0.0553
0.0000
0.0000
0.0000
0.0000
0.0000
0.0000
0.0000
0.0298
0.0301
0.0304
0.0000
0.0000
0.0000
0.0000
0.0000
0.0000
0.0323
0.0326
0.0000
0.0000
0.0000
0.0337
0.0000
0.0000
0.0000
0.0000
0.0000
0.0354
0.0357
0.0000
0.0000
0.1098
0.0000
0.0372
0.0000
0.0000
0.0381
0.0000
0.0000
0.0780
0.0393
0.0000
0.0798
0.0000
0.0000
0.0000
0.0411
0.0000
0.0417
0.0000
0.0847
0.0000
0.0859
0.0433
0.0000
0.0000
0.0442
0.0000
0.0448
0.0000
0.0454
0.0915
0.0000
0.0464
0.0467
0.0470
0.0000
0.0953
0.0000
0.1933
0.0000
0.1469
0.0000
0.0000
0.0000
0.0000
0.1012
0.1018
0.1025
0.0000
0.0000
0.0000
0.0000
0.0000
0.0000
0.0535
0.0000
0.1084
0.0000
0.0000
0.0000
0.0555
0.0000
0.1124
0.0000
0.0568
0.0000
0.0575
0.0579
0.1164
0.0000
0.0589
0.0592
0.0000
0.0000
0.1807
0.0606
0.0609
0.0612
0.0000
0.0619
0.0000
0.1252
0.0000
0.0633
0.0636
0.0000
0.0643
0.0647
0.0650
0.1307
0.0657
0.0660
0.1327
0.0000
0.0000
0.2696
0.0678
0.0000
0.0000
0.0688
0.0000
0.2779
0.1397
0.0000
0.0000
0.0000
0.0000
0.0716
0.0719
0.0000
0.0000
0.0730
0.0733
0.0737
0.0000
0.0744
0.0000
0.0000
0.0000
0.0758
0.0000
0.0000
0.0000
0.0000
0.0000
0.0000
0.0000
0.0000
0.0789
0.0792
0.0000
0.0000
0.1606
0.0000
0.0000
0.0000
0.0000
0.1641
0.0824
0.1655
0.0831
0.0834
0.0838
0.0841
0.0000
0.0000
0.1704
0.0855
0.0859
0.2587
0.0866
0.1739
0.1746
0.0000
0.4399
0.0000
0.1774
0.4451
0.1787
0.1794
0.0000
0.2712
0.0000
0.0911
0.0000
0.0918
0.0921
0.1850
0.0928
0.0932
0.0000
0.0000
0.0000
0.0000
0.0000
0.0952
0.1912
0.0959
0.0963
0.0000
0.1939
0.1946
0.0000
0.1960
0.0983
0.0000
0.0990
0.0993
0.0000
0.0000
0.0000
0.0000
0.1010
0.0000
0.0000
0.2041
0.0000
0.0000
0.2061
0.2068
0.1037
0.0000
0.3132
0.0000
0.3152
0.0000
0.0000
0.2121
0.1064
0.3202
0.3211
0.2148
0.1077
0.3241
0.1084
0.1087
0.2180
0.4374
0.3290
0.0000
0.1103
0.1106
0.0000
0.2226
0.1116
0.1119
0.0000
0.1126
0.0000
0.0000
0.0000
0.0000
0.0000
0.1145
0.2296
0.0000
0.0000
0.0000
0.0000
0.0000
0.0000
0.0000
0.0000
0.0000
0.3537
0.0000
0.0000
0.1188
0.0000
0.1194
0.0000
0.0000
0.0000
0.0000
0.0000
0.0000
0.2431
0.0000
0.0000
0.0000
0.0000
0.0000
0.2467
0.0000
0.0000
0.0000
0.0000
0.1248
0.1251
0.2508
0.0000
0.0000
0.0000
0.3796
0.2536
0.0000
0.1274
0.1277
0.2559
0.1282
0.0000
0.0000
0.3872
0.2587
0.0000
0.0000
0.0000
0.3913
0.0000
0.1310
0.1313
0.0000
0.1318
0.0000
0.1323
0.2652
0.1328
0.0000
0.2667
0.0000
0.1339
0.1342
0.1344
0.0000
0.0000
0.0000
0.0000
0.1357
0.4078
0.0000
0.2729
0.0000
0.1369
0.0000
0.0000
0.0000
0.0000
0.1382
0.1384
0.1386
0.1389
0.1391
0.0000
0.0000
0.0000
0.1400
0.0000
0.1405
0.0000
0.1410
0.1412
0.0000
0.0000
0.0000
0.0000
0.0000
0.0000
0.0000
0.0000
0.1432
0.0000
0.0000
0.0000
0.0000
0.0000
0.0000
0.0000
0.0000
0.1451
0.0000
0.0000
0.1457
0.0000
0.0000
0.0000
0.0000
0.1467
0.0000
0.0000
0.0000
0.0000
0.0000
0.0000
0.2960
0.0000
0.0000
0.2971
0.0000
0.0000
0.0000
0.0000
0.0000
0.2993
0.1498
0.0000
0.1501
0.0000
0.0000
0.0000
0.1508
0.0000
0.0000
0.0000
0.0000
0.0000
0.1518
0.0000
0.0000
0.1522
0.0000
0.0000
0.3054
0.0000
0.1530
0.0000
0.0000
0.0000
0.0000
0.1537
0.1538
0.0000
0.0000
0.0000
0.0000
0.0000
0.0000
0.0000
0.1549
0.0000
0.1551
0.3105
0.1554
0.0000
0.0000
0.0000
0.0000
0.0000
0.1561
0.0000
0.0000
0.1564
0.0000
0.0000
0.0000
0.0000
0.1569
0.0000
0.0000
0.0000
0.0000
0.0000
0.1575
0.0000
0.0000
0.3155
0.0000
0.1579
0.0000
0.6324
0.0000
0.0000
0.0000
0.1584
0.3169
0.0000
0.1586
0.0000
0.0000
0.1588
0.0000
0.0000
0.1590
0.0000
0.0000
0.0000
0.3185
0.0000
0.1593
0.0000
0.0000
0.0000
0.0000
0.0000
0.0000
0.0000
0.0000
0.0000
0.0000
0.0000
0.1599
0.0000
0.0000
0.0000
0.0000
0.0000
0.1600
0.3201
0.1601
0.1601
0.0000
0.0000
0.0000
0.3204
0.0000
0.1602
0.0000
0.0000
0.0000
0.0000
0.0000
0.0000
0.0000
0.0000
0.0000
0.0000
0.0000
0.0000
0.1602
0.0000
0.0000
0.0000
0.1602
0.0000
0.0000
0.0000
0.0000
0.0000
0.0000
0.0000
0.0000
0.0000
0.0000
0.1599
0.1599
0.0000
0.1598
0.0000
0.0000
0.1597
0.1597
0.0000
0.3191
0.0000
0.0000
0.0000
0.1594
0.1593
0.1593
0.0000
0.0000
0.1591
0.0000
0.0000
0.1589
0.0000
0.0000
0.0000
0.0000
0.0000
0.1585
0.0000
0.0000
0.0000
0.0000
0.3163
0.0000
0.0000
0.0000
0.1578
0.0000
0.1576
0.0000
0.0000
0.0000
0.0000
0.0000
0.0000
0.1570
0.1569
0.0000
0.1567
0.0000
0.0000
0.0000
0.0000
0.0000
0.0000
0.0000
0.0000
0.1557
0.0000
0.1554
0.1553
0.3104
0.0000
0.0000
0.1548
0.0000
0.3091
0.1544
0.0000
0.1542
0.3081
0.1539
0.0000
0.4609
0.0000
0.0000
0.0000
0.1531
0.1529
0.1528
0.3052
0.0000
0.0000
0.0000
0.1520
0.0000
0.1517
0.0000
0.1514
0.1512
0.1511
0.0000
0.3015
0.0000
0.0000
0.0000
0.0000
0.0000
0.0000
0.0000
0.0000
0.1492
0.1490
0.0000
0.0000
0.1485
0.0000
0.0000
0.1479
0.1477
0.2951
0.1473
0.4415
0.5879
0.2935
0.4397
0.0000
0.5847
0.0000
0.1458
0.2912
0.5815
0.2904
0.2899
0.2895
0.0000
0.2887
0.4324
0.4318
0.1437
0.7175
0.1433
0.2861
1.0000
0.1426
0.2848
0.2844
0.0000
0.1418
0.2831
0.4239
0.2822
0.1409
0.0000
0.4212
0.5606
0.1399
0.8382
0.5578
0.1392
0.8339
0.1388
0.2770
0.6914
0.2761
0.4134
0.8253
0.2746
0.6853
0.1368
0.1366
0.1363
0.4082
0.5432
0.8133
0.2706
0.1351
0.4044
0.6727
0.5371
0.6701
0.2675
0.8010
0.1332
0.3989
0.1327
0.5298
0.3966
0.1319
0.6583
0.1314
0.2622
0.2617
0.2611
0.3909
0.3901
0.3893
0.1295
0.1292
0.5157
0.2573
0.3851
0.6404
0.3834
0.3826
0.6362
0.3809
0.2534
0.3792
0.2522
0.5033
0.1255
0.5010
0.0000
0.1247
0.3731
0.4963
0.1238
0.3705
0.8624
0.4916
0.2452
0.7339
0.3660
0.1217
0.1214
0.1211
0.1208
0.2410
0.4808
0.0000
0.7176
0.2386
0.1190
0.3561
0.4735
0.0000
0.0000
0.7047
0.3514
0.3505
0.3496
0.3486
0.6954
0.2312
0.3458
0.3449
0.5732
0.1143
0.2280
0.3411
0.3401
0.4522
0.3382
0.8993
0.2242
0.4471
0.3343
0.5556
0.4432
0.6629
0.1102
0.3295
0.3285
0.1092
0.3266
0.4341
0.4328
0.2157
0.1075
0.2144
0.2138
0.0000
0.1062
0.4236
0.0000
0.2105
0.1049
0.4183
0.1042
0.2078
0.1036
0.2065
0.2058
0.1026
0.3067
0.5094
0.3046
0.0000
0.2017
0.3016
0.3006
0.1997
0.2986
0.2975
0.2965
0.4925
0.2945
0.0978
0.0975
0.2914
0.2904
0.3858
0.3844
0.0958
0.0954
0.0000
0.3789
0.0944
0.4702
0.2811
0.0934
0.1860
0.2780
0.2770
0.3679
0.1833
0.0913
0.2728
0.5435
0.2707
0.2697
0.5373
0.3568
0.6220
0.1770
0.2645
0.1756
0.0875
0.1742
0.0868
0.5185
0.1721
0.1714
0.1707
0.0850
0.0847
0.0843
0.0840
0.2509
0.0000
0.2488
0.2477
0.2467
0.1637
0.0000
0.1623
0.0808
0.1609
0.0000
