010000100100001100101100011110110
010110001111011000001101000000101
101100011110110000011010000001010
001101100101000001110001000001101
000110100111111111101001011111010
001100000100111101000011111100000
001100010100010001010010000011010
000101001000001101000111100100010
110110101100010001000101001111000
110110110110100010000110100000011
110101011101101111110111110010101
010001111000000110010101010011100
111010010111110101101100110011010
010000100100001100101100011110110
010101001101100101000001110001000
110111101011110001111110011001011
110001011110101000011101101011100
011001011010100000000100000111100
101000011101100110000111010100111
011000111000011011110101010001110
000111001110101000110000011000000
110101000010001101010111011000001
010100100000010110010011011111111
110000110011011010111101010001100
101010100110000010011110100001111
\N
100000111100001111011001001011101
111100100011001110101000010010111
011010001111111111011100001011110
110010001100111010100001001011101
110110111111010010100111110010001
101110011110000110000000000110110
100100110000001101010111100111010
001001010111100011101101100001100
010000001100010100010001010010000
111010000100100110101011011101010
110100001000001100111000111101100
111011001111111001111000111010110
111111100000010110100111101011011
011011111111101110110011111110011
110100001000001100111000111101100
001011101101010100101010010010001
101010011100100011011000001101011
000000110100000111011101010011101
110100101111101011011001100110100
011111010110110011001101000000110
101010001100000110000000111000101
101111111011001001001000000000011
011000101100111000010011000100001
000110101011110011101000000110001
000111110101111010110000111011011
100010001100101110011000110010110
010000011010001111001000101000001
111010001111010110101111010110111
100110011011011100001001001010101
110010010110011101110111101011110
110010101101000011111111101110100
011101011111111001100010010000011
010100010011011011001100011100001
110110111111010010100111110010001
000011101110111100110111100111011
101011110101101111111110111011001
001100010001110100010010100101101
111101011011001100110100000011000
000000100000101101010100000110000
101010110100010000001111010010010
010111010011000101010110111000011
100101101101101111001100111010000
000001100110111000101101100001110
\N
110110111101010000011111100010000
100010001010010000011010001111001
110010100010110100100110000111010
101101101101111001100111010000100
010111101011000011101101110001011
100000000000010101110011011100010
100001101000010101111101001010100
101000110001011001110000100110001
110011011111011100010000010100011
010011011100110000100001001100111
001100010101110001110101111001001
001110000010000001100011000110001
000110001100011010111111101011100
100010001111110100101100110010110
000001001100110110111000010010010
111101100100101110101100111001100
010101011101100001111111110011011
001011111111001100101101110101001
110111111111111110111000010011001
010101111001101011011111011111000
011110111100101001000111111001100
010111001001111010011000101000011
010001110111111100000011100100000
100001111111001110011001110010101
011000010110001010011011011101111
000000001010111001101110001011010
100011100000001111011010011010110
000011100100110111000001010001111
100101010111110110000011001010101
110000101100110010000010011001011
110010000001011101011110110011011
100010111100001111111001110011001
111111101111101000000100000011111
110100101011110110101110001101011
011110111111010101011000001000111
011111111110011001110011101100000
101101000110001011001110000100110
010101001001011011110110100010100
011111111100000010110100111101011
011000111101111110011000000010011
011000010001000000000110101011001
011011000100010111011000110000100
100101100011111101110100011101000
011100000011111110111111010011010
010010111001111100010110011011111
001100101111111101111111111111101
111111111010000010101110100011011
111010000110101001111001000101100
100101100000000000010101110011011
010001011000010010101100010001100
010010011110010010111001100101111
111010011101110110101110011110000
000011100111010011100001111110110
101110010010010010101100001001000
100100011001010000011100100011101
010111110001111111100101000100100
110100000100101001110000111100011
011111000111001100101111111101011
110010000111111011111001001110111
010111001111000011000000000011011
110000110101111010101010110111000
000111101001100011111110011000011
000001001010011100001111000110000
010010001101001110010001111111000
010111101011000011101101110001011
\N
001001111001011100001010100101110
110001110011100000000010000001001
101111111111110101101111000110010
011101111110011101110000001001111
011010110001101010110010110101001
101100110001100101011011001001111
000000010010010111110001010001110
110101110100110000100010011000100
100101000100111110111001101101111
101110000111100000110110101111001
011111111001010001001001001001111
111110011001011110111111010101011
011100100000111101110001101000101
011100100011001100011001010100000
001010110101101100000100001101011
101011000101101010000110110100000
010000000011011000111010010001011
001110100100010110110010010000001
110111001101011111110000101100110
101110001010111110110111111101011
001111001010011010101101110011101
000001001100000110100001111011001
111011101010011101001100011011010
101111000101101101101100100100011
011011110011101101000111111111101
000011101101101000001000111001111
001101001110010001111111000110101
101001010100000100011101110010101
111001010010001111110011000100010
001011110000110111001000010100010
001110010010111110110111001111100
000100111100100111010100010110001
101000100111110111001101101111001
111001011110111111101000111011011
001011111111010111011001110101010
000110101001110010100110000100000
111000000101001000110111010011101
011011000100000001010111111111101
011011100001110101100100111100101
111101101010011001110011001110000
011000101001000010010101110101001
010101001110100011110101101011110
011011101001110100001000100011011
110101111110011101101110100101111
011011010101001110010000011000111
100010110000000001111111001110011
100100101110011001011110111100011
001001100010001110001000000111000
010000001101010001010011001100001
011110011010110111110111110001011
111111110100110111010010111011000
101111111011001001001000000000011
010110111101101000101001010010101
001101010101100100100011001010001
000011101100110000111010100111001
111010001111010110101111010110111
000110101111000101010101010100010
111001100111011100000100011000110
011110111111011100111010000100010
000111010100111001001010100010001
111010011111010100100101011110101
110100100101011010100001010010010
001111110001110100100101001001110
100101011111001100101010011110101
011110010111101001010011000110000
\N
011101010001011000110110001000101
010100100100111000000011000110000
100110111100110110010011111010110
\N
001000000010011011010000010001100
010010101010101001000001111001010
111100100111010100010110001101100
111100000110010010101010101001000
100001001000110101000110110101101
110100000011011101011010101000101
110111000010000001110000110011001
011110001010101100110100000000111
000100100111011010000000010100100
010001000000000110101011001111100
100110010101001110000100110101111
001111100010011010000011000100101
010010011000100111111101000011001
000010001110101101111111010000010
001100001101111000010100100110111
100011011010000111000011111000011
000110110101000010101001111110100
110100101010010100101100101101111
111111001110111000000100111110001
101100101011101101001111011100100
011100110011001001101000100101000
101000110100100101011101110110100
010100010111000111010100101100111
011011101001100000011000011011100
110011001100101111101010001011111
001101110000011111001010010101010
000001111010000111101011111110000
000111000001010111110111000001010
000000001111111001110011000100100
100111110011111100011001100110110
111001011000100001001001101101001
000111010011100101101001110001010
010011101101000100111101110010011
000010101110100011011011011010101
001001101111010001101101001111010
011011110111110010110100000110110
110011000010000100110011101111010
010101110101101000000110010010011
011000001101000011110110011000110
101001111010100010000000110101011
100110101111010100000000100101101
010110000100110010110101111001111
011000010101111101001110111000011
011110010110100100100010110100101
010101001001011011110110100010100
010001110011100000010000111110001
100101011010100001010010010011100
100000100011000000010010010111110
000101100110000011000110101010010
010110100011010001001000011011000
000010100100100111000000011000110
101000011110001101000110110100000
101011110100110000010011101110011
011001010111111000100010101001001
001100010111101100011011110101001
110010001111010010111000101000100
110111000010111101110101011100110
100010011110010011100011011010000
010010011010100000011000110010010
001111011111100110000000100111011
101100101001001010000000010100000
111110100101011010100010110001100
010110010111101001100010101110001
011101110000000000001001010101100
100011111001010101110010000001111
100001011000111001011011011010100
010001110010010000101010001100010
100100000110000111001111110000010
011101110011111100001001010010010
011101111010111101101000001101100
110101100100110001110111111010010
011101011001010101000010010101101
000111100101111010010100110001100
111110101110101100111011110001001
100001111011100011110100110001111
001100001010101111101001111101100
001100000010010010110110110001111
111110110110011000111011001110010
101011000111011111011000110010111
001111011111100110000000100111011
100001100000111111110110101010100
101011111011000100011110110001101
111010111111110011000100100000111
100100101100010111010000000011110
111100000110010010101010101001000
110101111111111100100111010000000
100101001010010110111000100000111
010000011111100010000110111111110
011001010011000110111110100000001
101101001010011101101111111010111
111000110011001101101010001111010
110001011100101100011100000101011
010010110011001011000001010110100
101111101110001001110111100100010
000011001101110110101101010111011
101010000010100100111111000111001
101110101111010101000101110001110
101110000001001101010101100000111
000101001010010101100100001111110
111011100110001100010000001011001
101011011011111010000101001100000
101011101110000001010010011010100
111101010011000111100001101011000
001001000010101110111110001101011
101110110011000011111000010101011
100110000011011111010010010001100
000010101000110110111110101000101
110010001110000110000101111100001
011000110010110010110101000000001
001111000111000001100100011001111
011001101100000011000101100111101
110000101101101110001110010101011
100101011011111110011011001000010
101111111001111111101010101100010
111111110110101010100101111010101
010101101000011011001110100010101
101000001101001111101111001110010
011100000100100100000000100010111
010011000110111110100000001110001
111101011111011000001011000110110
101010000011100110110111011011101
100110110111010111110111100101010
011111001101001001110110000011011
101001101010010010000001011010100
101101111111001011011111000010111
001100111000000011100111010011100
101001001111001001011100110010111
101011110010000110110101100110011
011001010101010001111001101100011
010111111001111111011110000000001
010010001111001011101001111001000
\N
000111010010001100010010101001101
010110100111000000101001010110011
111010000100100000011111110010110
111000000111110111100010110110110
110111101000100000011101110011111
011110110100111000101110010000010
011111011010100100011000011011010
010001011000001001110100010101110
100101000100111110101000001100110
001011100001010111001011101011101
101110001110011001100101111101010
110100101001100011111011100100011
101001000110000110110101000010101
111010000110101001111001000101100
100011110000011001001010101010100
101111010110100110100010001111011
000010110000101101100011001011001
001011001000010011001111011110000
110011110111110000001011011101101
000101000110110100000100110100100
000100010111011111011100100110100
\N
101011101110111111010000000100010
000100100100001100010111010101010
\N
000100011001010101010001111001101
111101010100010000011100101011000
110000000110001011101000000101110
111101111100110011010110100001000
000011011101011010101000101001010
010110000000001001010101001001111
100110111111100011110011111111010
010110100110000111000011100001111
001000111100110111111010000101110
100100010000101110011101011101110
011111111110001100110110001100001
010000100001110001100010101100101
000001110111001001001001110000110
101101001110001010000101101001011
110011101010000100101110110101010
100100100011000000001111100011001
001000111111001100010001011000001
111001100101010011110101000100000
111001001100100110010001000000111
110001111110010111111100010110100
000111110001111010011011100110000
001001011110001111111011010000100
101110110011000000100111000111000
101111000100000111011011111110001
000011111101111100100111011111110
001110100110101101111011110101001
011000101001011110000011110100001
100000001001111110101110000101100
100010000110010101001010010000110
111101010111001101101011000000111
101010100000100101010101111010000
011101111101110010011010010010110
100010001010001101110011000010010
101101100101101111000110110000010
100111010011000110110101010111000
000101101011111110110000111111010
001100101110000011000110000111000
100010010110111011001111000100000
011000000000011110100100110100101
101001100011111011100100011011010
001111010111100101111100000010001
111000000001101011110001010101010
101101011011000001000011010110111
\N
000000000111110111111011110000110
110010001010000100001001100100011
001100011001110011101010011100000
111111101010010001000000100100111
010000000011101111000010000100011
001011010101110011111100000001100
101010000010100011010001111000110
101010111100111010000001100010111
011001110111110111110010001100010
110010101100000010110110101111110
111000001001001000000001000101111
000001101000001100101001000101001
010111101011011111111101110110011
010001101101111101010001011011001
100101100000111100000110101101000
011110000001011100011110110110100
000100101100101110101001000000001
011011101110011011110001111011101
000110101011001100010101111010110
011111000000000010011001101101110
100110001011110110001101111010100
111100100100100111110001001001011
100110110100111110100011000000000
011000001001101110101110110110011
111100110101011000001110110110011
101001101100110111110111100100101
000001111100010110110101100011000
001100011100001000000101110110010
011001011010101000110011010011111
110010100010110001000001001111011
100001001000011001011000111101100
001010011110011101001000010011000
000000101101001011001100100001101
011100000010100110001010110100000
011011001101111101010001110011001
000001000111100110111111010000101
110101110010010011011010111111000
100111010111001110010000100001110
101101001100011010001001010011000
010111011011001110100110111011001
001001001011100010011010100111010
000000011001110101001110000100100
011110101001010011110101101000001
000101011101000000011101010100111
001100111111011001000100101110100
010101100011000101111011110000101
111101010111001101101011000000111
111000110100101011010010100111011
111010011010111101000010101110000
100111100110001110100100101001100
111010010000100000101000000100001
011000011110101111101100010001111
100000110110010111010011101110010
010100011111011000111100001100100
010101010110001011011001110111101
010101110100001010000000000010111
111001011110010010010000001010000
000100011110111010010101011000110
111011000100000001100010100011010
011111100010010111101010010000101
001010111111111101110111101011000
010111111010100100101010000101101
111101010100100000100000101011100
000001101100101110100111011100101
111100100011110100101111010101101
\N
111111000010000001001100010110000
111110100000010101001110010011110
110000011110100001111010111111100
111001101110001011010110001100100
000100000010110010100100110011100
111010001001011011101100111100010
011001101101011110101000110001101
100100110000001101010111100111010
111000001010000010011111111000000
011111001101011101101110111011100
000000011011110100000011000100011
000100110101100010010001101001000
101000110001101011000100010001001
110111101110011000110101101010101
001101110010000101000101101101000
100001001000011001011000111101100
111110111010010111000011010011111
001110100001000100010111101110110
000101000111010000010111010010100
110101010100101100110100111001110
011110101011101111100101010000000
000101110100100011000011111110000
001011101110001111101110101101100
110100010010001111111100100011010
101010001100010000011101011111111
101000010000100010101000011111111
000000010101011110111110100110111
110111001001101111100011010000101
100010000000001100000111000010100
011110101010110101010000011001000
110110110111100010000111000110000
110001111110010100010100011111100
000001001100110100001010110011000
010001111111011100101110000011001
100100111000101101000111101101111
000111111100011111001010101110010
101100010000010011110111001100000
110111100001110000000111001000110
100000111011110001010010111101111
100001001100100100000001011100111
001010101111101000111000011010011
001100100011110001101101011100001
110011001011110111111010101011000
001010101110010010101100010101011
001011011000010110110100110011000
100011000011110110000010011111001
000000000000110010110000110100111
011111111011111010001101110100111
110111111010101011000001000111100
000001110110011011000111010101001
000100000010101001000010001001110
101110100010010110111011001111000
100010111010000000011110111011000
001100110100101010000010001110111
110110010011101011100011010101010
101100000100011110000001100101010
111010000000011001011010011001000
010010011011000101111100000011101
100110101101011111001111001110000
110101100011010100011110000101111
010101111010000101011010011101110
111101100011110100100111000001110
100010000000001101010110011111000
100111010010001100100010100100010
011100110101111010100111101001011
\N
001111101101000110000010001110011
101110110000010100001000101100111
101111110011010100111101100101001
111111110011101011000110011001101
110101100100010100100100010100001
010101010000111001010001010000000
101010010110111010011100011011110
100010111111110000001110001101010
001000110001101110010110101001001
010111000111001000101001111111000
100100101011001111001110100110110
011101001101101000110010001010101
001110011000100101001010011111010
001000011101010010110111010011100
111100110110000000101101101001010
110010101010000111001010001010000
000000011011110100001110110011000
101010001110110100100100010101100
101000101001111010111000100011100
001000001100111000111101100111000
000001110011111011001111100000001
011110111001011000111101100010010
100110110110010010111110111000110
111101011010111101000001011111111
010000111110010011010001110000001
011110111100111001011010001000000
101001100100011101111011100000011
000011110010111110000000110001011
000101111011100100100100101011000
011101110111011011001011110010100
011000110100101100001111010111110
010011000000011011111100101010111
100000101101101110000010010111111
000111110100010011110010011000001
001010001001110110011100110000001
010000001011001001101111111111000
000001000100011001011111111011111
110111000101000100011101101011010
010011111001010101101011001001000
000100111100001010000010010010100
011110101111101010100011000111111
001011001101101000011011111000110
011100100001001010011000001000101
100101101100011111010100111001010
111111100100101101001001111000101
111110010011111001010101101011001
011000011100001110110001001100100
011011110101000001111110001000011
111100000000110011001111011111000
100101001011110100110011001110010
100000101100011100111011000110001
110010010110010001011101100100001
110110010000000010100000101111100
100011100010000101001101100010101
001101111000011010100101010010101
000100100011110001110101110010000
100011110100101011111000110101100
100011100011000011100000010001000
100000110101110010101001001011000
011110101101100100001000011100110
101111111011011101111100110100000
001110010111000001101001011110100
000110011011101101011010101110110
010101100101111111010001110001010
000111100101111001111100010011010
010110110001000101111111001101101
010000111001001000011101111011001
110100000110001011100110001111100
000011110011110001011010111100001
111011111100101011111100101000110
\N
101000111010000101111111000111000
000111000111001111011011001001001
