-166122.30
-432746.26
\N
-282683.84
454558.76
-446358.85
374604.84
-207772.37
-447987.84
326562.77
-269813.11
-191115.13
-70048.27
150896.02
-476375.00
-390399.77
212177.03
-204062.17
97619.20
310057.22
-39178.09
-369182.60
-149433.85
-410022.92
-373445.06
108900.38
-357486.45
380320.26
\N
-483777.58
-384690.86
-115424.90
-300012.64
-261623.29
-5423.17
-159664.48
-45458.63
-379324.56
280086.82
491889.08
117994.57
-87318.07
\N
-247918.60
-407705.26
290100.50
-120064.52
-61386.63
-256384.21
205928.38
453688.97
63433.87
489091.31
454693.57
\N
-241552.75
-18629.07
399128.14
421657.16
\N
-153046.41
\N
-259814.14
351443.36
112822.79
207894.26
-120775.66
-454270.13
-488281.40
-332881.24
\N
113333.51
-311200.38
355731.15
155154.56
469754.45
-168023.72
-479427.28
243797.84
323948.38
425953.89
-119177.18
180678.00
426571.91
65894.05
\N
-389103.14
426557.67
-403492.88
292354.04
195771.55
-348533.49
-2206.12
425633.57
-453156.39
15382.26
404980.85
-401394.64
\N
-241207.65
342900.81
-171471.67
81593.45
-458067.19
-306441.87
\N
-411424.46
-318165.32
30912.14
\N
49720.90
351963.89
238010.43
404837.38
275021.74
126672.84
439889.24
-324251.18
133075.86
\N
-198536.50
206972.33
170209.43
-483750.81
\N
327444.80
75763.63
9840.43
15700.78
-51623.99
-218733.26
-36204.85
60701.28
-190014.00
150597.22
13545.90
-314080.96
-427964.35
15262.72
461174.33
169218.74
-74740.49
-384598.83
-483728.30
287537.47
234918.04
-433550.83
-230734.17
323698.65
-146197.04
-255563.61
83532.71
-469513.46
-36592.36
-73146.17
285947.07
150015.40
\N
\N
-209659.65
355722.96
243539.28
-32803.88
477435.65
\N
417338.19
\N
261176.47
267675.86
-229013.85
-116379.58
-476925.33
-20226.29
-143918.96
143456.45
306561.97
290244.64
119367.95
252541.23
-345895.39
163329.59
-113415.56
-444697.34
406232.17
\N
-100528.56
-29727.60
-432245.57
-78154.99
-40228.56
388482.70
-360892.31
397567.58
-61500.50
197420.99
-53405.45
-10035.31
307734.63
-476264.93
-187896.84
74967.90
-96352.04
-204654.09
-314590.02
-498658.17
\N
459916.44
-294815.05
20507.27
\N
473415.90
150774.51
185491.97
-74069.01
\N
46254.06
-367453.99
-168238.39
-329399.97
359048.54
422343.40
-380964.05
-470561.40
496663.18
380409.42
44918.95
324580.02
479079.72
177174.87
\N
457126.55
-112441.99
-430676.25
-135129.13
336449.85
487338.40
7167.97
-1800.51
-291559.23
304700.54
-120904.61
114795.52
-430214.95
408084.32
-191474.36
450118.77
-352847.81
437584.98
156887.65
\N
-342586.53
-79521.47
190267.42
463657.84
-405475.24
151640.70
-415959.15
107777.66
285276.61
341585.38
-388847.32
\N
-18905.90
\N
-51094.80
-398920.32
-86554.74
-239996.08
-159324.69
98208.93
127700.52
495535.34
344071.85
348527.75
-159520.00
\N
341431.83
33083.75
-391284.15
-192247.31
-472981.85
-205808.33
-138646.73
\N
\N
-310383.84
-120621.38
-67352.75
434226.84
460706.11
-447900.16
21469.25
\N
218925.44
-413275.69
-207067.87
39712.27
67008.72
456794.17
-379796.06
261767.80
-466546.12
-305730.53
\N
-364597.47
\N
458787.41
81602.89
-271359.05
-361870.59
-28626.33
481330.97
-454201.68
\N
-287344.91
-321038.68
-449334.66
-327779.24
488133.53
-329401.54
316435.73
60517.74
-233468.01
354078.72
475270.56
-276973.48
2820.02
-305523.48
-119945.40
-29204.15
11065.46
\N
\N
-349221.53
402110.01
-454995.32
-830.00
-463136.68
\N
-300999.19
370635.37
-292020.51
-239004.63
340136.68
-262815.89
-184908.59
\N
\N
141849.58
-498941.55
95873.74
-285016.93
-107089.11
-13721.30
457191.81
155699.77
86327.14
395889.04
-229107.82
324853.91
-498107.17
386767.59
219841.13
-27583.14
-149702.20
146393.57
-437989.04
159841.53
32498.50
396403.30
-315063.83
\N
22649.64
215343.21
-175059.30
-1847.18
102497.28
-247295.07
332109.98
-235782.85
-295096.68
\N
498125.83
-333733.57
-433530.70
449518.21
316400.65
280480.98
180453.94
457876.49
412833.95
428460.60
-10056.74
-214948.53
37814.95
102477.82
-225564.43
-92130.07
-155741.02
78450.91
343105.39
-130527.09
33079.19
329362.42
200577.60
212415.40
-311348.62
-21477.69
333801.57
-353712.01
-433106.23
-26081.60
\N
-163820.36
151893.43
205173.27
-393163.22
277938.44
-276107.66
-304649.71
171386.20
-306944.28
370017.46
249675.98
-72023.48
-372187.26
-238104.04
354749.41
389572.21
365556.59
235734.34
\N
-280573.81
128725.64
71656.14
400415.05
-130616.30
244866.96
-415742.86
-211304.73
-267780.95
-425028.29
170832.02
253488.32
193520.19
-25218.72
-277658.68
-167409.34
-474770.31
74591.72
\N
366618.43
-171394.63
329032.65
-328557.90
211902.62
60210.12
178715.93
\N
-456832.44
344825.40
64195.06
-370332.57
155903.15
-265256.14
15323.04
\N
233809.17
411862.69
6551.58
-461516.27
420681.92
233340.82
-373891.60
440798.68
-319872.00
435051.22
377502.70
197215.84
273887.91
-360415.44
-41466.42
-335436.28
441898.09
1302.43
144990.34
188585.87
\N
174623.04
322047.54
230563.87
-300142.22
-120404.31
21472.79
444194.03
80999.42
83236.09
-414005.44
-181501.32
48402.05
181956.91
-261939.44
-155431.06
388392.94
337512.20
-492902.69
\N
481390.20
\N
494812.78
477359.18
\N
208828.94
-51946.00
378432.41
137447.10
-235678.90
-260524.65
286759.89
86014.42
303893.81
-185836.92
-339715.80
474384.49
-487805.30
\N
-135660.84
\N
-12158.99
-24671.78
104450.53
\N
-201014.92
-430860.23
-132855.90
-339856.08
431791.82
406070.27
-80184.35
-330535.00
371020.10
446960.92
-461880.13
-399502.34
221025.82
-332205.06
-394278.43
-361844.93
\N
35170.25
466405.94
124030.12
-412309.14
\N
-351146.89
51070.28
-322829.73
233996.37
482796.36
-355095.23
-489800.21
21915.01
282777.96
169811.79
301306.60
\N
-399859.75
154814.04
65509.24
27086.81
31231.96
-304619.93
494051.91
-474057.76
-263425.16
6217.86
-341118.74
\N
-306167.25
410631.12
-232238.14
-316015.14
-61724.14
\N
176961.97
277381.68
190797.28
-457747.77
-449873.37
-484344.98
-367413.81
-43132.61
121522.02
87962.33
\N
370495.18
191540.22
-76890.93
-232322.04
-111047.08
