3926.686551
-3078.593513
-1523.429224
-669.684166
234.904986
2226.918930
-4718.612498
2093.397950
-1914.453566
4027.226232
391.864393
4525.522995
-158.177421
-4801.751557
3410.161728
2481.256122
-1640.183123
1611.826046
-2448.451169
-1845.197308
2683.842745
-3542.172810
3089.066696
-2517.697386
1892.967423
727.945774
-3513.884856
-179.0
\N
-1469.088605
-4739.206973
145.945556
4549.133936
-4208.637634
-1936.179384
4602.395105
-1804.145345
2053.716787
\N
1456.927004
4702.396402
3268.547085
-745.573619
4625.357450
-4765.915573
-2790.475971
-3403.123686
-2817.878573
-3274.289481
-2413.766411
-1374.753772
-1924.610286
475.397257
3510.523368
3814.010913
-1859.390939
168.847235
2264.721811
-2223.366707
-1753.785013
-3945.658993
-4315.231992
2746.639442
-2342.824418
-1044.805914
3584.727458
-3822.565833
-2102.212746
\N
1818.932987
-3585.541038
1452.891425
1165.643202
2412.440259
-1608.959230
-2272.316845
3352.859341
\N
1067.661511
373.127556
2907.255277
\N
\N
-4119.844655
425.751771
-4652.598253
3178.567043
-2664.539180
-1099.284997
-2144.177909
1805.341405
\N
2945.853662
-3351.437225
-4875.769736
\N
-412.211551
-3334.087165
1695.085786
2535.912119
\N
374.050255
-4771.851972
2954.420418
1929.919923
-3434.967221
\N
2700.864965
-2783.682392
4985.334217
-2062.958207
4153.150501
3012.590980
-3011.189139
\N
2721.497588
-4169.312617
-64.988860
-4188.005384
1744.599224
1067.803538
-1660.431575
2804.799493
3088.508415
-4646.231299
4578.547883
-294.892171
-561.912989
1867.265677
11.839394
582.688896
1502.454824
\N
\N
4301.881413
\N
-2194.430268
-614.422083
-690.354777
4779.886957
4531.156281
4944.867236
3858.390189
3506.107763
-4894.456207
\N
1322.857973
2578.630265
-2175.318379
-4086.425476
4630.773663
-3800.461310
3753.750072
\N
647.435317
\N
4110.477110
514.193226
-3441.902748
2573.758703
664.845479
-384.002535
2023.851111
-4615.566879
\N
521.022754
446.504990
-3517.434806
\N
1710.468068
-988.509024
-93.124302
-2974.066063
-1466.562229
4606.999513
291.009348
771.456014
172.233984
-1228.758016
-1273.510068
3472.468191
3783.157877
-260.342455
-4133.938523
-1558.345359
818.740365
2345.368051
4818.590693
\N
-152.159210
1395.434275
-3107.620263
4746.555020
-189.023868
3178.467591
4922.804367
-4963.738942
\N
-2933.352626
-3894.560951
-1721.494834
\N
-2491.926382
-1659.638708
3626.190726
-1804.918329
455.648226
2244.824659
2443.616389
1022.869542
3580.157235
3348.054857
-1537.855671
1607.360266
-1692.376280
2292.201299
3400.898151
1889.594163
239.448960
4596.602567
766.064066
-1906.189177
752.355324
-2388.240838
248.493708
-4383.772933
-3099.040067
4912.247853
2740.401308
1334.028196
-6.110885
4208.217412
2685.419516
1947.814527
4270.682796
746.828278
917.931886
\N
-1105.016263
-406.957355
-2023.670192
-477.481347
-1056.222565
-4039.906966
3609.872045
-3297.475124
1972.339566
-1621.688887
-1030.170236
-4464.104576
-2638.849336
1175.210125
-483.963827
-3362.699658
456.088565
-4952.708059
4982.336056
801.148906
-1533.282710
-1739.269000
\N
-4390.957509
4222.786482
-4279.669281
\N
4937.803242
\N
2036.653081
3409.729758
3247.885061
817.041977
-822.372779
2189.003680
-3551.808846
325.503762
-2688.361261
3833.177084
2890.005446
1325.965340
-4132.875092
-3011.022842
1666.958698
-4889.208372
-157.283687
-1516.214021
3080.057571
-2355.486070
-539.260584
-453.194364
3574.346313
-1012.181736
1419.900389
-3090.709731
-811.664223
1598.174198
-1224.255663
-1394.494598
\N
2972.381398
220.199877
3542.561032
-2168.024176
-3305.714558
\N
1754.880537
3633.414739
729.945999
-2427.865606
1648.939232
-495.744751
108.475352
513.797465
-3036.007973
-3596.329479
-3672.066260
2261.791098
-2077.391440
-4873.215449
4907.530537
-3355.449754
-3356.602051
1232.493090
-2822.598325
1335.803283
-1816.035000
-479.029122
\N
\N
4116.023187
-259.211424
-1636.301636
151.567927
\N
615.774279
4981.348277
-4279.760471
2122.969975
2331.666647
-1270.180538
-2166.953835
4085.841327
2906.495024
3656.341992
2993.227550
2151.115144
-2275.655664
-3203.291138
2257.053474
-4566.818042
-4214.319326
2730.795260
-4194.037830
116.563907
-3036.016760
1681.412271
-3805.177421
-1747.152073
-4864.378627
-3938.731704
4232.011228
20.740053
-1645.529264
2544.557875
\N
4777.722624
-3356.018294
1307.984314
-1166.544462
-1620.147366
-137.408513
724.484001
-1343.453124
4804.629749
4522.789567
2328.926240
-1317.294201
-4298.136513
3398.895482
3464.478505
4943.133318
3232.351173
2893.212860
1198.575174
1121.555146
-3552.881646
4365.806104
\N
2352.417529
\N
4680.141932
-2668.895399
-238.973845
-285.805471
-3520.289230
4878.743007
1780.984535
2832.673354
4298.407435
\N
-1608.563991
1684.308879
4737.577396
4101.170539
\N
-1464.015649
\N
-3738.782163
-3621.216579
2780.429035
2384.467403
\N
552.970942
3547.166413
4900.754164
4495.504335
1607.961290
4286.663369
988.747024
-2356.908041
-1623.399549
3724.461980
-1540.581932
561.640885
3054.001451
2224.754615
3311.427291
\N
351.611318
4176.146704
-2049.963552
2267.505572
-4955.461980
1276.636327
-1508.073735
-1598.198477
1602.926844
2157.874181
1669.786780
-3082.299418
\N
-1788.620850
2555.355424
-4870.338212
-2851.518662
3882.485213
4641.214218
2506.994706
\N
-1108.634810
-4278.677501
-2160.498210
-806.103356
\N
880.145694
1368.632529
-2048.461217
2899.266336
-870.758219
-2863.581156
\N
1682.631744
3266.096445
2626.991285
1248.276847
-4262.887118
2777.053997
1327.535555
-426.769580
-314.249841
729.344234
3891.552519
-4918.473703
4922.770997
\N
2679.172460
\N
4879.287118
-4635.792221
4496.176890
2007.650308
3821.565699
-500.003884
-1126.098170
4487.603870
3855.490996
-56.857325
1215.173530
-1892.555336
-1632.647536
1942.954095
64.593039
-4396.942081
-1643.806415
363.886503
3916.018470
-2067.613754
-1717.717134
-3333.186669
-3027.546004
968.184544
1210.732165
2708.135698
1052.369823
-4434.389802
-853.166476
-1686.386083
2647.478668
2690.547401
-4642.268889
-3997.579827
2927.765217
3461.773129
781.051482
2525.672604
3121.858727
-2270.808321
2873.250371
\N
4843.809511
-1187.515681
\N
\N
3528.188564
-3487.236154
845.094270
3843.943537
-558.746078
-2471.493491
611.999359
-3199.954144
-4988.404294
4145.897291
-1803.093537
2876.372318
-2474.919272
4497.979139
4625.114016
-2221.654210
4501.765724
130.449252
4534.131102
1415.347330
-993.720547
\N
3443.961678
-4849.518817
4573.353608
4818.748920
4330.041823
3161.612855
3607.737095
-119.757296
-1339.207751
-331.384328
2228.158823
2697.192313
-4775.355388
-3594.790915
-3397.374660
3837.461611
-4558.641468
-1624.755387
4430.022700
-1940.296994
4832.148761
-2888.874695
2894.719014
2866.099508
-1161.805185
-4395.337603
-1091.088679
-819.707958
4596.183826
-1154.086625
2249.981569
2996.321776
457.294320
-66.348014
-513.412089
1125.862285
\N
-4243.177180
-291.472275
\N
-2609.517713
-2621.961719
2269.398848
-2249.532369
4686.007011
\N
4873.354365
3895.563571
-2282.372172
3784.030075
-3485.082555
2354.903229
\N
-2944.317869
-2485.837190
3776.108724
