-39017.848619
17104.680681
-9885.090245
-931.243017
-29740.660628
-14665.622294
46069.995126
2910.093476
7714.560143
1722.339844
-12287.580158
-12735.100679
\N
37831.578771
-2603.424551
-41339.385226
-15583.453591
8187.403650
\N
48185.906931
34727.898466
-1521.592099
13954.342745
-31076.202626
47465.550200
-1890.0
31784.675914
\N
\N
\N
-29333.526259
-38945.609512
-17214.948343
6871.406388
\N
-16596.387078
36261.907260
-18049.183287
4556.482264
22448.246587
24436.163890
10228.695423
35801.572346
\N
-15378.556710
16073.602655
-16923.762796
22922.012989
34008.981513
18895.941632
2394.489596
45966.025673
7660.640663
-19061.891767
7523.553240
-23882.408381
2484.937083
\N
-30990.400669
\N
27404.013079
13340.281957
-61.108847
42082.174119
26854.195156
19478.145274
42706.827956
7468.282784
9179.318864
-19064.482427
-11050.162633
-4069.573551
-20236.701924
-4774.813473
-10562.225646
-40399.069661
36098.720453
\N
19723.395663
-16216.888868
-10301.702358
-44641.045758
-26388.493356
11752.101249
-4839.638274
-33626.996578
4560.885650
\N
49823.360564
8011.489063
-15332.827096
-17392.689999
-4894.502114
-43909.575089
42227.864821
-42796.692808
46124.794239
49378.032423
-14683.174325
20366.530805
34097.297575
32478.850606
8170.419772
-8223.727792
21890.036795
-35518.088464
3255.037616
-26883.612609
38331.770845
28900.054460
13259.653404
-41328.750919
-30110.228425
16669.586984
-48892.083717
-1572.836866
-15162.140208
30800.575707
-23554.860695
-5392.605837
-4531.943637
35743.463126
-10121.817356
14199.003887
-30907.097310
\N
15981.741979
-12242.556625
\N
20565.261632
29723.813981
2201.998770
35425.610321
\N
-33057.145580
18323.757159
\N
36334.147391
7299.459985
-24278.656055
16489.392317
-4957.447506
1084.753522
5137.974655
-30360.079734
-35963.294788
-36720.662604
22617.910976
-20773.914396
-48732.154490
49075.305368
-33554.497540
-33566.020515
12324.930896
-28225.983250
13358.032826
-18160.350001
\N
-34552.779135
\N
41160.231871
-2592.114244
-16363.016361
1515.679272
-25992.747897
6157.742793
49813.482771
-42797.604712
21229.699753
23316.666471
-12701.805384
-21669.538352
40858.413275
29064.950244
36563.419917
29932.275498
21511.151442
-22756.556642
-32032.911378
22570.534736
-45668.180425
-42143.193256
27307.952604
-41940.378301
1165.639074
-30360.167604
16814.122706
-38051.774208
-17471.520727
-48643.786273
-39387.317043
42320.112275
207.400532
-16455.292640
25445.578748
31528.860601
\N
-33560.182938
13079.843141
-11665.444617
-16201.473664
-1374.085132
7244.840012
-13434.531243
48046.297486
45227.895675
\N
-13172.942010
-42981.365134
33988.954818
34644.785051
49431.333178
32323.511728
28932.128604
11985.751736
11215.551459
-35528.816462
43658.061043
-25850.170886
23524.175293
17178.292092
46801.419322
-26688.953990
-2389.738454
-2858.054709
-35202.892304
48787.430068
17809.845352
28326.733540
42984.074351
-26945.552452
-16085.639906
16843.088794
47375.773963
41011.705385
14885.293303
\N
22111.838158
-37387.821631
-36212.165787
27804.290353
23844.674031
-39495.544038
5529.709419
35471.664130
\N
44955.043353
16079.612899
42866.633689
\N
\N
-16233.995495
37244.619796
-15405.819316
5616.408845
30540.014515
22247.546153
33114.272907
-45238.189304
\N
41761.467043
-20499.635521
22675.055718
\N
12766.363268
-15080.737353
-15981.984775
16029.268441
\N
16697.867805
-30822.994179
-36990.879004
-17886.208495
25553.554239
\N
-28515.186616
38824.852132
46412.142178
25069.947063
14387.938736
-11086.348100
-42786.775014
\N
-8061.033561
37733.424496
8801.456941
13686.325291
-20484.612170
28992.663361
-8707.582186
-28635.811563
5881.871775
16826.317444
32660.964449
26269.912848
12482.768466
-42628.871180
27770.539968
13275.355549
-4267.695804
\N
\N
38915.525185
\N
49227.709975
45488.034233
26791.724598
20869.828235
48792.871180
-46357.922208
44961.768899
20076.503078
38215.656992
\N
-11260.981700
44876.038700
38554.909960
-568.573247
12151.735305
-18925.553360
-16326.475361
\N
645.930390
\N
-16438.064150
3638.865032
39160.184697
-20676.137540
-17177.171338
-33331.866694
-30275.460044
9681.845438
\N
27081.356979
10523.698228
-44343.898024
\N
-16863.860826
26474.786679
26905.474009
-46422.688894
-39975.798265
29277.652166
34617.731294
7810.514820
25256.726041
31218.587272
-22708.083211
28732.503708
-679.955515
48438.095114
-11875.156808
-17232.257113
-9389.997907
35281.885641
-34872.361545
\N
38439.435367
-5587.460778
-24714.934907
6119.993588
-31999.541438
-49884.042935
41458.972912
-18030.935371
\N
-24749.192723
44979.791387
46251.140161
\N
45017.657240
1304.492518
45341.311020
14153.473295
-9937.205473
-13588.917751
34439.616783
-48495.188168
45733.536079
48187.489201
43300.418227
31616.128553
36077.370954
-1197.572961
-13392.077509
-3313.843279
22281.588229
26971.923130
-47753.553883
-35947.909153
-33973.746600
38374.616107
-45586.414680
-16247.553875
44300.227004
-19402.969940
48321.487614
-28888.746947
28947.190139
28660.995084
-11618.051846
-43953.376028
-10910.886787
-8197.079579
45961.838260
\N
22499.815688
29963.217759
4572.943204
-663.480140
-5134.120889
11258.622846
22652.566979
-42431.771798
-2914.722754
-26206.211502
-26095.177129
-26219.617192
22693.988482
-22495.323686
46860.070106
-25156.352611
48733.543651
38955.635712
-22823.721717
37840.300746
-34850.825549
23549.032292
\N
-29443.178689
-24858.371902
37761.087244
\N
46819.624164
\N
-33693.144090
40653.983453
-26031.282486
-24553.259497
19714.503628
-34474.345196
8479.883456
-33258.695939
33087.950890
17223.332481
41600.595923
-24101.627559
45225.386273
7144.885816
-25243.179209
-34920.445683
-31098.240605
-42560.678764
16588.400754
-35012.138861
-8465.407211
24885.269056
1185.531892
-42427.891210
30568.514010
-42910.065638
-25427.667506
49703.152850
15339.563585
-36162.816587
\N
25849.401427
30508.323238
39964.989009
-29568.012561
-22074.867353
\N
48713.154625
-1520.744968
36336.974374
41062.088679
-2003.634512
-9037.801465
28679.307540
9146.625390
23064.029018
-37993.003516
-16414.231186
-2807.518818
12352.072057
13036.899205
-9238.011185
-45646.203680
-26760.931302
36327.588086
-40820.465465
-11081.759474
15407.617374
41678.071204
\N
\N
-43507.700410
24709.613796
30447.305730
-11054.192745
\N
23353.155969
46508.126145
6981.355956
21083.087321
23906.590032
38666.058652
-1769.736340
47240.657405
-1764.098532
-5218.443393
-33834.449008
-2977.604676
-432.298309
24849.356606
18835.457959
32506.030883
-19205.680149
43736.106527
-665.804581
-7721.326434
3269.641033
-49370.767409
16273.904297
662.390678
17499.127457
30066.082524
-9073.769189
28401.596043
-16385.018437
18027.110150
\N
9804.530004
12884.736463
46511.284540
-8051.955215
-44326.810536
-16389.214185
41559.840176
40672.067921
1770.764334
-15898.218176
204.035430
8434.125203
-38309.302967
-15565.175780
-13882.281661
-24141.443695
44535.343952
31507.292987
23152.546758
-39375.797840
-38180.703478
-415.027351
\N
29397.380994
\N
47904.062270
-46523.514994
22100.205660
8730.225525
-31533.990419
11804.385093
-30083.302585
-37654.674513
-43752.615104
\N
-1452.872507
-21721.060142
8709.210511
38917.112904
\N
18148.277545
\N
-2368.107416
-34462.417841
40637.684702
-42576.995163
\N
31314.380645
-2993.921634
-18056.906931
26346.102998
-31676.115180
34094.465563
7338.040814
-27818.175767
46722.334715
-31033.022181
-10355.819231
12291.897909
-35065.719851
21197.209494
-33092.215417
\N
34034.608716
-33796.447601
2756.714939
-43451.564896
-26799.277904
