3093
4550
-3556
-3363
324
-149
-265
-3432
1122
-2534
-4263
660
-2263
-468
-3605
-663
-4713
\N
1361
\N
\N
2681
-550
\N
1935
\N
2575
-171
-1557
3897
\N
3732
3315
237
4012
-254
2564
-4842
620
4255
3282
-4427
802
845
\N
-62
-4461
2569
4086
-3787
-2087
2765
2746
\N
-1826
4876
1981
-297
-469
168
-3594
2289
\N
-3682
2553
2462
3596
-1129
-4537
\N
-3733
2268
2876
-2178
3610
-969
-3189
142
2196
-1401
\N
1827
-2279
2810
-1459
\N
798
-1397
2246
266
1489
-4491
566
\N
\N
\N
-165
\N
-36
1695
-2135
1563
3973
-2041
-1513
-4820
-702
\N
3401
\N
-3200
3674
-118
-3972
3888
-1619
3231
-276
-2622
-2011
-3959
-1561
1120
2912
-593
-1062
1368
3198
-1471
4271
2054
2468
-4511
1104
-287
-4836
1065
\N
-3437
-2120
-2238
1023
-4333
-412
998
1641
3612
3564
4220
\N
\N
4226
-3195
-3571
-1505
-3115
494
\N
-368
-3459
-2643
\N
-620
-210
-4658
2523
-2482
-3778
1833
509
-4993
\N
3208
4760
\N
-4898
4324
-3045
-4555
-3364
1192
4268
-2170
4229
2952
-3249
-950
2566
\N
-2026
4611
\N
3042
\N
1671
-4874
1518
-1875
1600
-4570
-295
-2710
-4290
101
2180
-1385
1438
\N
-4992
721
1137
1424
4064
1424
842
4073
-4554
1501
-1886
3087
-3732
1560
2136
\N
986
-3083
1062
1557
-465
-2744
-130
3663
1220
-3390
1491
-652
-3981
-233
3559
4461
-3630
1080
\N
-1289
4821
3670
-965
-969
-784
2877
-772
-1881
-270
-1645
-1618
-450
-1353
351
-4492
-1721
-7
-4545
\N
2080
987
1645
-4774
-1215
-2215
-2675
3747
1664
-4609
1177
1368
-4010
-3768
2435
-825
-963
-442
\N
-991
-3702
2751
1388
808
-2548
3015
-338
811
485
-4178
-1229
\N
3246
-3976
-1296
-3479
-2069
4391
\N
-1462
325
4877
2559
-3954
3456
-476
-2739
-2737
568
-60
-4371
-4966
-329
4131
\N
-1841
-2219
-2604
776
-4635
1972
-3333
-4281
-3046
-1781
2941
-3399
-938
-4728
-517
\N
-3832
-1096
3094
1949
2494
4686
-3597
-4346
-437
2490
1625
-4445
752
-3302
2966
-3870
\N
-2594
3754
-186
-3611
3738
473
3706
-4756
1184
-927
-984
2760
\N
-456
3202
-1251
894
\N
-2776
2545
1566
-4043
-4577
-1113
-4865
-4459
188
232
4559
2355
1747
4140
1051
3989
-430
-3136
-2172
-1734
927
-1278
1051
2750
18
-2888
-273
-2380
-3709
-2889
-4733
1064
-3281
-4176
-427
-2789
-4779
\N
-4472
538
3726
3873
-2263
2414
\N
3628
-4210
-1475
2938
859
\N
-3648
3644
3967
835
1922
-2946
4903
1090
\N
4057
-2531
2858
558
4570
-1384
362
-135
2864
\N
-1880
1697
-103
980
-2721
2015
490
2561
-1806
-2533
-672
-108
-2162
613
-2769
618
-4370
3117
-1692
-1547
-1034
-4782
502
3117
4913
-4492
188
917
465
962
-3792
-1346
-3899
848
-4530
-3025
1265
3701
2046
3451
\N
-2628
1758
\N
4732
983
\N
370
-3513
-147
2705
-1167
-4962
1453
1196
-1890
648
-3137
-158
-499
4982
-2287
-1767
3892
-3490
\N
-4331
3110
1613
4379
-2047
3137
713
\N
-2956
2247
2580
3198
-2453
4420
3192
-658
-3912
3018
-234
-3049
\N
-2705
2225
-455
4140
145
2198
-4912
-2327
-2366
-1114
-172
-748
-2851
-1596
-4257
-4451
2070
2161
535
1714
\N
4808
-924
-1990
3560
-1490
-3458
310
1562
-4423
-1375
1169
2452
-2944
-1091
-2156
3378
-4723
-4549
4893
-4295
4103
-1213
4542
4192
228
\N
566
-2829
750
-2819
\N
54
-745
-2611
-464
2098
255
-2791
110
-1020
1313
3705
-3461
511
2079
-3852
1177
2751
1023
-3970
-264
-148
2085
