-278383369
-747067264
-444347454
943059602
760126298
-313957087
69871373
1047228793
549563771
-849172813
742152707
-102126707
-588216468
-587679276
121951908
-12908316
-938566787
-1066376866
-70757527
887181957
-416180675
-395333602
-476539199
-559145553
166603938
-995460982
423400029
-715704678
-919392688
-654070990
-382421072
631560114
-729854703
-201487528
-1015231681
-111081607
-150879882
-822966764
-235383789
664472573
418592852
535580213
1006220943
-772410787
-933257976
-93888809
534823075
348910859
-954633892
161536478
-709184521
636988950
-831019781
\N
-557156033
806151247
-39951046
-775508567
\N
101482645
795803474
-1021371457
254190941
-198991605
-211220357
592642976
159564926
-97980046
687623361
-268671335
192044603
133023521
-596127139
546530680
336306348
-868276189
-982853141
-239020404
-1044842390
-957480672
40377556
49864481
\N
505742335
375096111
\N
225695129
856735725
-92417405
-673413352
-466398428
-372271859
199069838
-274470034
225807793
590462307
3775258
-620113195
-58682105
-511020053
-796515704
-620432149
-1016328347
228460677
-704579869
-896860429
\N
\N
-1026387226
-974499141
-960283687
115614636
800148518
831654092
\N
518360994
\N
779114556
-904139163
-316769082
630950752
\N
-55878393
-783306330
\N
852002029
179256342
412777993
-632735583
1052807112
234006613
528787810
871273145
-543437833
613656227
119746596
981397980
-297248487
77649335
-28913402
614934531
929940199
-403660500
364477031
-22124387
210404268
\N
432660770
105294608
\N
-387805780
-543871814
-144364887
-23259185
-464225973
131691359
-594587949
132792222
-938482467
669399965
-363432139
-332135297
-222020946
-1026899728
107886324
669465840
1055107642
-964572059
\N
196967371
99878136
206583116
-814267157
-288969105
-837297170
182146005
-972850964
-649642105
271750475
794876066
439409907
741102414
-896013712
-564452917
377584215
785128489
1016266473
211032352
-860051372
79557251
-754415346
-31656520
580909957
-250670377
-1065498478
312055768
256848844
-405941467
139226727
-673719257
-33907454
-107071600
\N
-491151352
-379374978
835717683
-749442365
391779355
-930175254
667789784
346287223
940296232
-439643120
673648096
153155023
761570957
-634729660
482454328
553985095
686753002
-526797052
949281215
685507933
-141218391
-840157851
648180473
-50333869
-654708416
1040352328
-580798126
477781101
-97755360
889044981
31130520
472121821
-1054910894
-499784982
-508051907
-239312888
-36874490
-160560442
-612146051
\N
-914254016
-955919451
444572750
464011997
114922279
368088103
\N
1032465403
-198412817
-427355634
764561021
-319968927
-742495989
66602125
335474465
\N
-295255877
250999059
526539904
-632305975
\N
-462933479
725444821
-1014220649
-976950894
1050779420
-922337893
881175599
-260490744
975381286
900263262
48922968
-598347542
121514864
-607528559
\N
-605421206
-1033560416
11538600
-160000018
-560613615
-99553157
450510072
54811495
-599428633
23616163
-218984524
281874162
795632049
-743284993
109773364
446413166
-827212018
\N
590703606
219585528
-852527230
-56743535
-31888159
447756894
81597117
-514906619
829002820
194782415
-861939426
789235257
1002760541
77986645
124541179
839847275
688643973
\N
-818330059
\N
\N
571483597
1043237102
\N
-260795164
\N
-80635223
883946580
-997239646
417377536
\N
905148727
75086673
240863213
-974803948
-514042316
780396140
-773002241
-839043143
-1050961764
-944793472
971511639
862816002
-87163815
\N
601763342
409313850
-376132854
-104608772
793131268
-402748367
103010521
589866409
\N
-806207129
-92467487
382080273
-537053065
296991677
450543728
36073823
-518334030
\N
-823745191
567487602
82546145
-388387055
862364138
1063492312
\N
-758175718
910291639
-161138360
-397892038
-543779825
-678530933
-245281302
1038476033
992074486
248548658
\N
98497175
-171252301
18217558
682347077
\N
310612886
-118028644
337185821
-210791469
301448323
-906803508
-356807299
\N
\N
\N
559848005
\N
31316502
-952852111
-906201820
86880549
-1067074828
-554439888
-372251154
767868870
485181743
\N
234322120
\N
469476289
120818420
973859819
553938979
666244197
-1034134335
-643847604
-928942436
-40098720
913202598
-634013637
-124514124
88422182
362344229
-955696569
-883518062
-589118966
-917271271
-789577219
-1055370400
653530707
751509060
-923377500
-896739670
1049674425
713830537
-919850486
\N
464008848
-500611805
1052904894
1005514228
-464230048
940348010
-521487154
196319826
-827331032
606501605
419601479
\N
\N
-763299772
-551662126
-996151300
656870503
569347075
-768904837
\N
-364654847
-352793070
-560639559
\N
69488952
-236949153
8643035
722046549
772759204
934327163
952426653
-992250784
-688516267
\N
23371654
-277401737
\N
392817327
-455495167
208331771
76220225
-965469751
-117604765
134109425
-286846823
-976521495
359070260
-1033796401
397275542
928779613
\N
-479010011
-408187297
\N
-544847539
\N
-328541470
862677577
-742793122
-221057238
-743659309
-165126079
-241769542
-634439156
228542599
70091032
763329904
-269836367
-86158045
\N
279028361
-575426235
-726811335
260613141
176220403
-722725936
800015615
-223367075
338624364
195939828
-751945238
348787257
-997923024
-8605001
-568010250
\N
-962777966
870581366
-713036908
-307366031
1058650551
-8016540
604533525
774656817
-148155805
194042034
944121304
502530876
-728423603
567787452
1051834880
-1050394394
843329917
-583580255
\N
814196699
1041013209
-532683489
644480699
-1064568183
-302358011
66224442
-779159623
373241073
652059193
153158612
1019561792
-159367912
764825007
277019219
539033342
-99541768
-748934480
683758505
\N
110932412
875195202
154556209
109603003
32090837
-763742564
-76548222
-910116085
675149363
-813726843
-366033349
995685874
-987030706
-135458917
985423987
-293582113
88167527
962971281
\N
345458787
244011716
530986493
-985258624
-972350494
84247136
854078794
377796622
-324275021
-878489620
864262985
180124912
\N
-793083147
-352435244
-462586860
-74556106
28209937
222627005
\N
-760794594
