571162582773129
-968633726566092
-84469929177915858
4162557330816307
37260777124104530
-4777143170215921
-18226963197866476
-8625828876661828
7656239724464679
-5489288588377948
-63386438189169149
75567289191112039
-41526404145192890
-4533895872892689
-82739169202936497
6911236575041352
75842816214481185
\N
7669153338841222
-37026243121878430
-3175877126637642
-16007995163334251
-3395795664631244
63935989156878460
-16954091159640632
5318858710978884
-3108641393657255
55102218209821952
-8798896163938228
-2840321381342671
73738755119374157
59644096131825710
-84322607121172895
-60180910135826388
-2124570924863354
-10333657186851396
58703296194197255
56676327154787999
8481545099866909
464571291354841
\N
-32049226128340060
\N
62491046169211228
-4178902379487935
-58704035165707105
-4370744691117233
-1145699597209467
71898480208016040
40210785139855015
30111868125808287
3442459016537352
\N
-9847254040823009
28204892100790341
58222430175280391
-5250734726525414
\N
7331215572768482
\N
7855555216013852
-8445953483741985
-553872842685130
3758966176486019
\N
68254106110727666
-779085030760061
9530941396584628
17210298132952098
15654503142207692
-12642726199954453
95074133209723437
-44100539106198634
-42897443120872206
-70803370174642981
53824237192501978
14091118778760
-72030601214124822
27500286125861367
-4058285263735350
\N
850104221271283
101571367179586565
-105758499180483916
14231743102597792
9115311735961929
-5264208557722402
1462317488951483
88960681204192702
79197578144317932
32261563115032881
-19665360148210462
-94405000169758831
\N
5681300149925625
5558458639524735
-81538564141087644
5508723459108571
-29815658164026313
46416288118123076
-2080732169659869
\N
6778478169280557
-51815253164990834
-5552057233004262
-3530123878334630
\N
-79781393192459088
81091470135265063
-3174546872057439
-43491832133972989
-26029833130989740
3551109553373570
\N
-982183979826234
13323171191699130
-3271539392992822
478227196042750
-41112576193858203
97184864103977346
73232664160658748
3461370054794093
5763508331306600
-54067138148025345
-75460101103530266
-315484375600487
9769190516994377
\N
-72400967138661448
\N
-10234725547449166
-6051348037059350
-2952261266043490
75387914189279439
3625967156008709
-3766224622641800
5898363257062410
7698143425285206
66546389146435468
31200605132406177
-3455213658576548
47528730130302036
62432830201286045
-88472988116517129
6825920650153638
-46045869146143591
6326172435402615
-5919362998522005
36401689161832477
80326684899441
4144471433608822
5800063247595057
-44301689196562406
-6466479342162519
-89535305105978555
37464982130305086
60232609173699392
98323565101041419
40099224107628429
3226497172413119
9238219853212754
-1319461392548924
97305838213564393
752930892266536
28408158162749842
-87755317206819285
80611167141629044
-94055745195646002
-73914297162645226
-8246391150836051
48938555118563058
\N
-21228069105374351
-31494183206308739
\N
\N
-559081218598528
17582315157740574
74577592104106586
-66735635209305671
68257070213090596
-6488749444380913
-36968819122130413
-35640469185246031
9784971155581421
21965956184257469
-33025198141891978
49224647180407910
5142127206085466
-40935100123530887
533636213233375
105489717166223849
-131230197744959
41828998199086393
1971243766433517
-873934263916195
-2268220620617840
\N
-2212273711508266
2523744596981136
97944271015587
1720454174447185
-1051086313079088
-91905196206426419
-31531876151110971
69747799124920022
4700849531099668
-57732117189691029
2847488818621365
357976652379232
-32560447173517911
-1158053397641905
-21736437137866308
-17430356141694709
-29946543151537742
4728756183450097
-70989678146724148
78026986123049651
3541070096728143
1103371642176407
-78857021155945773
-104651503212762593
-72082479133841767
2868615668375126
-7420152739539637
-556652372234871
-55819000120597832
-91907154152964612
-2727691960839202
62416504185893525
4619484558504848
484698539302511
5864338017307905
-65197962143482233
\N
90881747107819569
54643963175081891
\N
-34792399104423355
-28850436210552816
5001330979085503
72990723181773288
69414211169505452
\N
-55512818157891961
10050528050060089
-613762631776546
38246351168205376
-5786513272830532
101738698195446145
\N
-77765032167083438
-84816033119249140
105242892203914398
92055393128607360
-34862239187356390
12061146172958360
7111235810225910
8968206663351549
-106417733134789736
-34321050141796771
3585839741182305
-38410339162250019
-61235896190749913
53837300138272042
-9188389860977835
81031910126275164
-43990369169635449
-61494936120005403
70138886163788387
-91544802167010959
-9164807100625716
835704521750764
97684808164908969
1047818917821302
43113961189441677
-24182774203744737
-1221002133469832
-35060838149098801
\N
8409585462972514
-7157963742358126
26000275165530950
-9522779489052570
56854170165153244
-85847371170247458
16772952161612585
-48765236169076760
10402001581872476
\N
18148261189922237
-53074917120516766
\N
6176962454225695
9932356559664520
\N
-2133998678192202
-104142621205586199
92986938175269298
-257176878614913
47849345165295943
-7719754534416116
-9789607872482825
-41667560211143782
62163616168923197
-9438915483943230
9870229482590359
64345519117194501
-11025440131551888
-91121534101114861
-5603896551067982
\N
104654486191030769
8126142532532604
2739168944145437
810913166922484
-2275160635018706
-5590175254646458
-74033091125584591
71055832144361004
-51757850204494955
-5420931332383096
-91398360142997499
-18179323160814887
-91113201173019563
-54605499214110886
-7765905699369496
65516124193198338
-47405416136137551
\N
-430277287965650
19642228156903804
-35249292101345079
2799652787535702
-57468661185387080
-23797897140461786
4713853950884486
53063490172759270
-97546793157524699
14992347152649764
83034727103573700
-378837396167658
-6394357106445826
40448837177180348
93922571105944376
70215001351267
1422473144953269
-19485771168366142
3871292384756271
27669760207256401
-9519109972178611
87342599111176867
438163125486326
-3342596077562208
95638921175035575
-8455888025381745
-5553812170504574
1028731887465695
1874801639655453
-6460339926511384
12935207104254160
18702887190948042
38973128194072985
-74007477194642941
48329901174621299
-38776912163952004
73217306123132502
10033544840731274
\N
-7106499073575381
-72577317113294180
-5755101056886868
-2153332538359850
3675308624690700
-103461942101729940
-64592601205133764
31745072163056028
-8827303101164453
\N
9920716477549680
19269113140876068
10346764378482915
-9547067291656372
\N
68899277111163150
-5154067635858711
94977075194786589
87693228128699438
7485821479753669
-8472668186271245
2589559354466271
107349961123032263
-78000859126368058
3033692340944986
-56442118204131253
\N
8313139926300583
\N
20174427169387802
-20817519112818564
29328370152711004
-10310696988128501
6742185960379702
9975388579236356
\N
-75913155126775951
-47356034144438153
64337514105141385
84133515165177048
85904591142596001
154102825333184
82448968210511128
\N
-4132665145813622
457257666629329
\N
-65756686131235045
5770121211587146
\N
-681329651615480
18252938164428001
\N
-964719458030678
-4727044638245516
14382487198474686
104931686129854363
\N
-524490443508808
-5409828867122403
-9181546297405233
148961126577670
-457861622113867
\N
-8291535678315181
31193366146847993
-29045667151925792
76199591212655385
101708151208313969
\N
7611981289809249
-4063202412293642
93382613193471632
-66793190128641761
2119337550577124
50006559150465155
-37785078129030470
67070256141072548
-57427591153091745
\N
56930159168628907
6262653086116434
1812020175980923
-60824628201994696
-41445956104770511
-98561174197889445
65081378137952117
-4709913937816332
15168293135976771
-79444556211593680
54524573183207193
\N
80599107103738466
-15080292202625850
3599922292681710
10548113488081741
-16095559175518178
77523877187189428
-1425168149826835
3224427236896674
-35199492127195051
-6069164398850959
9796493012969240
1655940150099642
5593028453315162
54543795101679613
-4901907019878396
-16277768201853340
42702008211664372
100465864162056788
\N
-7259772955295969
-43344869168379475
2387994273960108
6813412213220101
-35045975201264603
-4169039115935033
-3465320744627564
\N
-8774505320366729
-10234221080903233
\N
-33431287210348996
-18686684154709649
11065021143131398
98202891135320415
-4804117047782001
-8602172936734534
1510532842674793
\N
-48895594123983692
1551674012705189
-9340844216200742
45730748190013165
94523139162337073
2609069738447319
7695297236865360
-18562157167827878
-1388967693233129
-3838287274649635
36110661195956474
-5738342872254390
-5116252556595312
7682319991347229
55542449158580255
-3007003760543423
7296692443452118
1155927925107625
7543653043525059
\N
-94909898165568234
41218109154904764
6633352313198796
-15778782124332590
103491985174098803
-1784322577952292
-9096880634185423
5075356316566121
5795491194207193
70413333187654805
60851035164462435
-81411679171424293
89150284196809557
-8141710960632445
21739482143854904
104172284182307094
-9010915383273451
102243779193394851
1446591350291789
20672486141595277
-10451707129953600
3808314557084451
4202888939347042
61647148205322240
\N
79376379132868914
8760919795930088
-45661711132605083
-970917635875382
\N
-105361387199605165
-4047373221704350
50014571178988278
\N
-1945986026058284
-70697134125038763
968299419395944
-54310692168796488
-57071775143358867
634196190032528
87012477120875722
1524418494420369
4675805785402153
-6649246646077956
29400170100479605
-88735135555188
958687447945394
36322738110509385
-4530787153175354
7246095930595264
25762424121462081
-101889593195744622
-12299006125085795
-8970808434914172
-6316433271930092
-4071744674545863
12598555199787281
64522791141639046
91810857119110814
-63801044209819006
-8216052623004959
\N
-43255707123485242
4483587649977559
-7266625765593156
-3085636132347609
-72544126194422740
-42452203161494667
\N
-65498988106251024
-53102696163635269
6547188826700461
13150951201167246
10110681961565834
-73380538100200918
98881899210477509
21804516135251682
-78292833188851738
-31304191599521
-21287065172320779
3221074184065080
